*****Sonar Placement GA Expirement*****
Start Time: 2017-12-28 16:36:15.007769
Rand_seed:7
End Time: 2017-12-28 16:36:26.395183
Running Time: 0:00:10.405544
Population size:30
Generation Count:10
Mutation Probability:0.15
Cross Over Probability:0.25
***** Constraints *****
Max Number of Sensors: 10
X Position: [0, 100]
Y Position: [0, 100]
Z Orient: [-90, 90]
***** Enviroment Factors *****
Sensor Knockout: True
Sensor Knockout Type: transient
Max Sim Time: 270
*****************************
Generation, ID, Fitness, Number of Sonar, S1_P_X, S1_P_Y, S1_O, S2_P_X, S2_P_Y, S2_O, S3_P_X, S3_P_Y, S3_O, S4_P_X, S4_P_Y, S4_O, S5_P_X, S5_P_Y, S5_O, S6_P_X, S6_P_Y, S6_O, S7_P_X, S7_P_Y, S7_O, S8_P_X, S8_P_Y, S8_O, S9_P_X, S9_P_Y, S9_O, S10_P_X, S10_P_Y, S10_O, Raw Fitness
0, 0, 0.9772513329, 4, 0.13, 0.104, 63, 0.203, 0.002, 28, 0.13, -0.103, -63, 0.203, -0.002, -28,  , , ,  , , ,  , , ,  , , ,  , , ,  , , , 
0, 1, 2.10395306019, 6, 0.018, 0.121, 48, 0.044, 0.132, 42, 0.08, -0.101, -42, 0.018, -0.121, -48, 0.044, -0.132, -42, 0.08, 0.101, 42,  , , ,  , , ,  , , ,  , , , 
0, 2, 0.0, 10, 0.207, -0.078, 12, 0.209, -0.121, -64, 0.228, -0.088, 27, 0.234, -0.014, 11, 0.09, -0.135, -80, 0.207, 0.078, -12, 0.209, 0.121, 64, 0.228, 0.088, -27, 0.234, 0.014, -11, 0.09, 0.135, 80, 
0, 3, 1.28475311161, 8, 0.229, 0.006, -23, 0.215, 0.149, 89, 0.152, -0.142, -64, 0.134, 0.139, 61, 0.229, -0.006, 23, 0.215, -0.149, -89, 0.152, 0.143, 64, 0.134, -0.138, -61,  , , ,  , , , 
0, 4, 0.0, 10, 0.235, 0.02, -5, 0.168, -0.102, -64, 0.203, 0.135, 35, 0.242, -0.136, -38, 0.201, 0.123, 84, 0.235, -0.02, 5, 0.168, 0.103, 64, 0.203, -0.135, -35, 0.242, 0.136, 38, 0.201, -0.123, -84, 
0, 5, 3.22907249879, 2, 0.154, 0.107, 78, 0.154, -0.106, -78,  , , ,  , , ,  , , ,  , , ,  , , ,  , , ,  , , ,  , , , 
0, 6, 1.32564765382, 4, 0.204, -0.128, -55, 0.241, -0.106, -28, 0.204, 0.128, 55, 0.241, 0.107, 28,  , , ,  , , ,  , , ,  , , ,  , , ,  , , , 
0, 7, 2.3637163782, 6, 0.245, 0.092, 21, 0.046, 0.112, 66, 0.052, -0.15, -61, 0.245, -0.092, -21, 0.046, -0.111, -66, 0.052, 0.15, 61,  , , ,  , , ,  , , ,  , , , 
0, 8, 1.26554986363, 4, 0.192, -0.115, -66, 0.234, 0.103, 10, 0.192, 0.116, 66, 0.234, -0.102, -10,  , , ,  , , ,  , , ,  , , ,  , , ,  , , , 
0, 9, 2.33385526185, 8, 0.24, -0.131, -40, 0.128, 0.103, 87, 0.208, -0.032, 27, 0.03, 0.105, 72, 0.24, 0.131, 40, 0.128, -0.103, -87, 0.208, 0.032, -27, 0.03, -0.105, -72,  , , ,  , , , 
0, 10, 1.69864954798, 2, 0.231, -0.142, -25, 0.231, 0.143, 25,  , , ,  , , ,  , , ,  , , ,  , , ,  , , ,  , , ,  , , , 
0, 11, 1.69861274689, 4, 0.206, 0.07, -30, 0.096, -0.146, -45, 0.206, -0.07, 30, 0.096, 0.146, 45,  , , ,  , , ,  , , ,  , , ,  , , ,  , , , 
0, 12, 2.13118903889, 4, 0.242, -0.068, 29, 0.227, -0.143, -54, 0.242, 0.068, -29, 0.227, 0.143, 54,  , , ,  , , ,  , , ,  , , ,  , , ,  , , , 
0, 13, 2.79468501132, 2, 0.196, -0.106, -75, 0.196, 0.107, 75,  , , ,  , , ,  , , ,  , , ,  , , ,  , , ,  , , ,  , , , 
0, 14, 2.87850582372, 4, 0.208, 0.054, -2, 0.217, 0.111, 19, 0.208, -0.054, 2, 0.217, -0.111, -19,  , , ,  , , ,  , , ,  , , ,  , , ,  , , , 
0, 15, 1.0710719674, 10, 0.241, -0.109, -74, 0.226, -0.03, 29, 0.056, 0.113, 55, 0.223, -0.103, -99, 0.218, -0.139, -22, 0.241, 0.109, 74, 0.226, 0.03, -29, 0.056, -0.113, -55, 0.223, 0.103, 99, 0.218, 0.139, 22, 
0, 16, 2.03551688392, 2, 0.232, 0.08, -21, 0.232, -0.08, 21,  , , ,  , , ,  , , ,  , , ,  , , ,  , , ,  , , ,  , , , 
0, 17, 1.60416079927, 6, 0.24, 0.104, 34, 0.24, -0.112, -48, 0.158, 0.117, 50, 0.24, -0.104, -34, 0.24, 0.113, 48, 0.158, -0.116, -50,  , , ,  , , ,  , , ,  , , , 
0, 18, 1.62124282719, 10, 0.22, 0.09, -14, 0.024, 0.108, 44, 0.207, -0.108, -99, 0.217, 0.128, 87, 0.196, 0.133, 64, 0.22, -0.09, 14, 0.024, -0.107, -44, 0.207, 0.109, 99, 0.217, -0.128, -87, 0.196, -0.133, -64, 
0, 19, 0.0, 10, 0.176, -0.108, -50, 0.215, -0.052, -5, 0.221, -0.074, -25, 0.223, 0.016, -25, 0.184, -0.125, -67, 0.176, 0.109, 50, 0.215, 0.052, 5, 0.221, 0.074, 25, 0.223, -0.016, 25, 0.184, 0.125, 67, 
0, 20, 1.83019982847, 6, 0.088, 0.109, 90, 0.209, 0.123, 27, 0.064, -0.124, -68, 0.088, -0.109, -90, 0.209, -0.123, -27, 0.064, 0.124, 68,  , , ,  , , ,  , , ,  , , , 
0, 21, 0.0, 8, 0.112, 0.113, 76, 0.226, 0.128, 24, 0.222, -0.119, -51, 0.138, -0.128, -67, 0.112, -0.112, -76, 0.226, -0.128, -24, 0.222, 0.12, 51, 0.138, 0.128, 67,  , , ,  , , , 
0, 22, 0.567465849139, 6, 0.235, -0.106, -95, 0.228, 0.09, -21, 0.024, 0.122, 87, 0.235, 0.106, 95, 0.228, -0.09, 21, 0.024, -0.122, -87,  , , ,  , , ,  , , ,  , , , 
0, 23, 1.41009102263, 4, 0.134, 0.14, 45, 0.144, 0.133, 83, 0.134, -0.139, -45, 0.144, -0.133, -83,  , , ,  , , ,  , , ,  , , ,  , , ,  , , , 
0, 24, 1.82266675459, 10, 0.211, -0.102, -40, 0.198, -0.108, -48, 0.104, -0.133, -49, 0.236, -0.098, -3, 0.002, -0.134, -71, 0.211, 0.102, 40, 0.198, 0.108, 48, 0.104, 0.133, 49, 0.236, 0.098, 3, 0.002, 0.134, 71, 
0, 25, 1.81015096362, 6, 0.198, 0.14, 41, 0.052, 0.102, 51, 0.207, -0.016, -25, 0.198, -0.139, -41, 0.052, -0.101, -51, 0.207, 0.016, 25,  , , ,  , , ,  , , ,  , , , 
0, 26, 0.0, 10, 0.208, 0.084, -4, 0.205, 0.103, 31, 0.014, -0.103, -72, 0.204, -0.107, -6, 0.223, -0.133, -55, 0.208, -0.084, 4, 0.205, -0.102, -31, 0.014, 0.103, 72, 0.204, 0.107, 6, 0.223, 0.133, 55, 
0, 27, 0.0, 10, 0.207, 0.006, 16, 0.032, 0.103, 80, 0.215, 0.052, 13, 0.034, -0.133, -40, 0.201, 0.048, -3, 0.207, -0.006, -16, 0.032, -0.102, -80, 0.215, -0.052, -13, 0.034, 0.133, 40, 0.201, -0.048, 3, 
0, 28, 1.49539845499, 2, 0.188, -0.145, -81, 0.188, 0.145, 81,  , , ,  , , ,  , , ,  , , ,  , , ,  , , ,  , , ,  , , , 
0, 29, 0.270891303955, 6, 0.168, -0.131, -65, 0.249, 0.117, 16, 0.232, 0.12, 65, 0.168, 0.131, 65, 0.249, -0.117, -16, 0.232, -0.12, -65,  , , ,  , , ,  , , ,  , , , 
1, 5, 3.22907249879, 2, 0.154, 0.107, 78, 0.154, -0.106, -78,  , , ,  , , ,  , , ,  , , ,  , , ,  , , ,  , , ,  , , , 
1, 1, 2.10395306019, 6, 0.018, 0.121, 48, 0.044, 0.132, 42, 0.08, -0.101, -42, 0.018, -0.121, -48, 0.044, -0.132, -42, 0.08, 0.101, 42,  , , ,  , , ,  , , ,  , , , 
1, 22, 0.567465849139, 6, 0.235, -0.106, -95, 0.228, 0.09, -21, 0.024, 0.122, 87, 0.235, 0.106, 95, 0.228, -0.09, 21, 0.024, -0.122, -87,  , , ,  , , ,  , , ,  , , , 
1, 7, 2.3637163782, 6, 0.245, 0.092, 21, 0.046, 0.112, 66, 0.052, -0.15, -61, 0.245, -0.092, -21, 0.046, -0.111, -66, 0.052, 0.15, 61,  , , ,  , , ,  , , ,  , , , 
1, 25, 1.81015096362, 6, 0.198, 0.14, 41, 0.052, 0.102, 51, 0.207, -0.016, -25, 0.198, -0.139, -41, 0.052, -0.101, -51, 0.207, 0.016, 25,  , , ,  , , ,  , , ,  , , , 
1, 20, 1.83019982847, 6, 0.088, 0.109, 90, 0.209, 0.123, 27, 0.064, -0.124, -68, 0.088, -0.109, -90, 0.209, -0.123, -27, 0.064, 0.124, 68,  , , ,  , , ,  , , ,  , , , 
1, 7, 2.3637163782, 6, 0.245, 0.092, 21, 0.046, 0.112, 66, 0.052, -0.15, -61, 0.245, -0.092, -21, 0.046, -0.111, -66, 0.052, 0.15, 61,  , , ,  , , ,  , , ,  , , , 
1, 13, 2.79468501132, 2, 0.196, -0.106, -75, 0.196, 0.107, 75,  , , ,  , , ,  , , ,  , , ,  , , ,  , , ,  , , ,  , , , 
1, 13, 2.79468501132, 2, 0.196, -0.106, -75, 0.196, 0.107, 75,  , , ,  , , ,  , , ,  , , ,  , , ,  , , ,  , , ,  , , , 
1, 7, 2.3637163782, 6, 0.245, 0.092, 21, 0.046, 0.112, 66, 0.052, -0.15, -61, 0.245, -0.092, -21, 0.046, -0.111, -66, 0.052, 0.15, 61,  , , ,  , , ,  , , ,  , , , 
1, 16, 2.03551688392, 2, 0.232, 0.08, -21, 0.232, -0.08, 21,  , , ,  , , ,  , , ,  , , ,  , , ,  , , ,  , , ,  , , , 
1, 7, 2.3637163782, 6, 0.245, 0.092, 21, 0.046, 0.112, 66, 0.052, -0.15, -61, 0.245, -0.092, -21, 0.046, -0.111, -66, 0.052, 0.15, 61,  , , ,  , , ,  , , ,  , , , 
1, 9, 2.33385526185, 8, 0.24, -0.131, -40, 0.128, 0.103, 87, 0.208, -0.032, 27, 0.03, 0.105, 72, 0.24, 0.131, 40, 0.128, -0.103, -87, 0.208, 0.032, -27, 0.03, -0.105, -72,  , , ,  , , , 
1, 11, 1.69861274689, 4, 0.206, 0.07, -30, 0.096, -0.146, -45, 0.206, -0.07, 30, 0.096, 0.146, 45,  , , ,  , , ,  , , ,  , , ,  , , ,  , , , 
1, 14, 2.87850582372, 4, 0.208, 0.054, -2, 0.217, 0.111, 19, 0.208, -0.054, 2, 0.217, -0.111, -19,  , , ,  , , ,  , , ,  , , ,  , , ,  , , , 
1, 6, 1.32564765382, 4, 0.204, -0.128, -55, 0.241, -0.106, -28, 0.204, 0.128, 55, 0.241, 0.107, 28,  , , ,  , , ,  , , ,  , , ,  , , ,  , , , 
1, 7, 2.3637163782, 6, 0.245, 0.092, 21, 0.046, 0.112, 66, 0.052, -0.15, -61, 0.245, -0.092, -21, 0.046, -0.111, -66, 0.052, 0.15, 61,  , , ,  , , ,  , , ,  , , , 
1, 11, 1.69861274689, 4, 0.206, 0.07, -30, 0.096, -0.146, -45, 0.206, -0.07, 30, 0.096, 0.146, 45,  , , ,  , , ,  , , ,  , , ,  , , ,  , , , 
1, 1, 2.10395306019, 6, 0.018, 0.121, 48, 0.044, 0.132, 42, 0.08, -0.101, -42, 0.018, -0.121, -48, 0.044, -0.132, -42, 0.08, 0.101, 42,  , , ,  , , ,  , , ,  , , , 
1, 9, 2.33385526185, 8, 0.24, -0.131, -40, 0.128, 0.103, 87, 0.208, -0.032, 27, 0.03, 0.105, 72, 0.24, 0.131, 40, 0.128, -0.103, -87, 0.208, 0.032, -27, 0.03, -0.105, -72,  , , ,  , , , 
1, 17, 1.60416079927, 6, 0.24, 0.104, 34, 0.24, -0.112, -48, 0.158, 0.117, 50, 0.24, -0.104, -34, 0.24, 0.113, 48, 0.158, -0.116, -50,  , , ,  , , ,  , , ,  , , , 
1, 22, 0.567465849139, 6, 0.235, -0.106, -95, 0.228, 0.09, -21, 0.024, 0.122, 87, 0.235, 0.106, 95, 0.228, -0.09, 21, 0.024, -0.122, -87,  , , ,  , , ,  , , ,  , , , 
1, 21, 0.0, 8, 0.112, 0.113, 76, 0.226, 0.128, 24, 0.222, -0.119, -51, 0.138, -0.128, -67, 0.112, -0.112, -76, 0.226, -0.128, -24, 0.222, 0.12, 51, 0.138, 0.128, 67,  , , ,  , , , 
1, 9, 2.33385526185, 8, 0.24, -0.131, -40, 0.128, 0.103, 87, 0.208, -0.032, 27, 0.03, 0.105, 72, 0.24, 0.131, 40, 0.128, -0.103, -87, 0.208, 0.032, -27, 0.03, -0.105, -72,  , , ,  , , , 
1, 29, 0.270891303955, 6, 0.168, -0.131, -65, 0.249, 0.117, 16, 0.232, 0.12, 65, 0.168, 0.131, 65, 0.249, -0.117, -16, 0.232, -0.12, -65,  , , ,  , , ,  , , ,  , , , 
1, 21, 0.0, 8, 0.112, 0.113, 76, 0.226, 0.128, 24, 0.222, -0.119, -51, 0.138, -0.128, -67, 0.112, -0.112, -76, 0.226, -0.128, -24, 0.222, 0.12, 51, 0.138, 0.128, 67,  , , ,  , , , 
1, 1, 2.10395306019, 6, 0.018, 0.121, 48, 0.044, 0.132, 42, 0.08, -0.101, -42, 0.018, -0.121, -48, 0.044, -0.132, -42, 0.08, 0.101, 42,  , , ,  , , ,  , , ,  , , , 
1, 18, 1.62124282719, 10, 0.22, 0.09, -14, 0.024, 0.108, 44, 0.207, -0.108, -99, 0.217, 0.128, 87, 0.196, 0.133, 64, 0.22, -0.09, 14, 0.024, -0.107, -44, 0.207, 0.109, 99, 0.217, -0.128, -87, 0.196, -0.133, -64, 
1, 24, 1.82266675459, 10, 0.211, -0.102, -40, 0.198, -0.108, -48, 0.104, -0.133, -49, 0.236, -0.098, -3, 0.002, -0.134, -71, 0.211, 0.102, 40, 0.198, 0.108, 48, 0.104, 0.133, 49, 0.236, 0.098, 3, 0.002, 0.134, 71, 
1, 15, 1.0710719674, 10, 0.241, -0.109, -74, 0.226, -0.03, 29, 0.056, 0.113, 55, 0.223, -0.103, -99, 0.218, -0.139, -22, 0.241, 0.109, 74, 0.226, 0.03, -29, 0.056, -0.113, -55, 0.223, 0.103, 99, 0.218, 0.139, 22, 
2, 41, 2.01694931506, 2, 0.24, 0.104, 34, 0.24, -0.104, -34,  , , ,  , , ,  , , ,  , , ,  , , ,  , , ,  , , ,  , , , 
2, 25, 1.81015096362, 6, 0.198, 0.14, 41, 0.052, 0.102, 51, 0.207, -0.016, -25, 0.198, -0.139, -41, 0.052, -0.101, -51, 0.207, 0.016, 25,  , , ,  , , ,  , , ,  , , , 
2, 9, 2.33385526185, 8, 0.24, -0.131, -40, 0.128, 0.103, 87, 0.208, -0.032, 27, 0.03, 0.105, 72, 0.24, 0.131, 40, 0.128, -0.103, -87, 0.208, 0.032, -27, 0.03, -0.105, -72,  , , ,  , , , 
2, 16, 2.03551688392, 2, 0.232, 0.08, -21, 0.232, -0.08, 21,  , , ,  , , ,  , , ,  , , ,  , , ,  , , ,  , , ,  , , , 
2, 7, 2.3637163782, 6, 0.245, 0.092, 21, 0.046, 0.112, 66, 0.052, -0.15, -61, 0.245, -0.092, -21, 0.046, -0.111, -66, 0.052, 0.15, 61,  , , ,  , , ,  , , ,  , , , 
2, 13, 2.79468501132, 2, 0.196, -0.106, -75, 0.196, 0.107, 75,  , , ,  , , ,  , , ,  , , ,  , , ,  , , ,  , , ,  , , , 
2, 41, 2.01694931506, 2, 0.24, 0.104, 34, 0.24, -0.104, -34,  , , ,  , , ,  , , ,  , , ,  , , ,  , , ,  , , ,  , , , 
2, 18, 1.62124282719, 10, 0.22, 0.09, -14, 0.024, 0.108, 44, 0.207, -0.108, -99, 0.217, 0.128, 87, 0.196, 0.133, 64, 0.22, -0.09, 14, 0.024, -0.107, -44, 0.207, 0.109, 99, 0.217, -0.128, -87, 0.196, -0.133, -64, 
2, 40, 0.992533299983, 6, 0.235, -0.106, -95, 0.24, -0.112, -48, 0.158, 0.117, 50, 0.235, 0.106, 95, 0.24, 0.113, 48, 0.158, -0.116, -50,  , , ,  , , ,  , , ,  , , , 
2, 9, 2.33385526185, 8, 0.24, -0.131, -40, 0.128, 0.103, 87, 0.208, -0.032, 27, 0.03, 0.105, 72, 0.24, 0.131, 40, 0.128, -0.103, -87, 0.208, 0.032, -27, 0.03, -0.105, -72,  , , ,  , , , 
2, 31, 1.89969180212, 6, 0.018, 0.121, 48, 0.044, 0.132, 42, 0.08, 0.149, -49, 0.018, -0.121, -48, 0.044, -0.132, -42, 0.08, -0.149, 49,  , , ,  , , ,  , , ,  , , , 
2, 9, 2.33385526185, 8, 0.24, -0.131, -40, 0.128, 0.103, 87, 0.208, -0.032, 27, 0.03, 0.105, 72, 0.24, 0.131, 40, 0.128, -0.103, -87, 0.208, 0.032, -27, 0.03, -0.105, -72,  , , ,  , , , 
2, 9, 2.33385526185, 8, 0.24, -0.131, -40, 0.128, 0.103, 87, 0.208, -0.032, 27, 0.03, 0.105, 72, 0.24, 0.131, 40, 0.128, -0.103, -87, 0.208, 0.032, -27, 0.03, -0.105, -72,  , , ,  , , , 
2, 22, 0.567465849139, 6, 0.235, -0.106, -95, 0.228, 0.09, -21, 0.024, 0.122, 87, 0.235, 0.106, 95, 0.228, -0.09, 21, 0.024, -0.122, -87,  , , ,  , , ,  , , ,  , , , 
2, 20, 1.83019982847, 6, 0.088, 0.109, 90, 0.209, 0.123, 27, 0.064, -0.124, -68, 0.088, -0.109, -90, 0.209, -0.123, -27, 0.064, 0.124, 68,  , , ,  , , ,  , , ,  , , , 
2, 14, 2.87850582372, 4, 0.208, 0.054, -2, 0.217, 0.111, 19, 0.208, -0.054, 2, 0.217, -0.111, -19,  , , ,  , , ,  , , ,  , , ,  , , ,  , , , 
2, 41, 2.01694931506, 2, 0.24, 0.104, 34, 0.24, -0.104, -34,  , , ,  , , ,  , , ,  , , ,  , , ,  , , ,  , , ,  , , , 
2, 7, 2.3637163782, 6, 0.245, 0.092, 21, 0.046, 0.112, 66, 0.052, -0.15, -61, 0.245, -0.092, -21, 0.046, -0.111, -66, 0.052, 0.15, 61,  , , ,  , , ,  , , ,  , , , 
2, 9, 2.33385526185, 8, 0.24, -0.131, -40, 0.128, 0.103, 87, 0.208, -0.032, 27, 0.03, 0.105, 72, 0.24, 0.131, 40, 0.128, -0.103, -87, 0.208, 0.032, -27, 0.03, -0.105, -72,  , , ,  , , , 
2, 13, 2.79468501132, 2, 0.196, -0.106, -75, 0.196, 0.107, 75,  , , ,  , , ,  , , ,  , , ,  , , ,  , , ,  , , ,  , , , 
2, 13, 2.79468501132, 2, 0.196, -0.106, -75, 0.196, 0.107, 75,  , , ,  , , ,  , , ,  , , ,  , , ,  , , ,  , , ,  , , , 
2, 38, 0.612205040705, 6, 0.204, -0.128, -55, 0.228, 0.09, -21, 0.024, 0.122, 87, 0.204, 0.128, 55, 0.228, -0.09, 21, 0.024, -0.122, -87,  , , ,  , , ,  , , ,  , , , 
2, 7, 2.3637163782, 6, 0.245, 0.092, 21, 0.046, 0.112, 66, 0.052, -0.15, -61, 0.245, -0.092, -21, 0.046, -0.111, -66, 0.052, 0.15, 61,  , , ,  , , ,  , , ,  , , , 
2, 9, 2.33385526185, 8, 0.24, -0.131, -40, 0.128, 0.103, 87, 0.208, -0.032, 27, 0.03, 0.105, 72, 0.24, 0.131, 40, 0.128, -0.103, -87, 0.208, 0.032, -27, 0.03, -0.105, -72,  , , ,  , , , 
2, 13, 2.79468501132, 2, 0.196, -0.106, -75, 0.196, 0.107, 75,  , , ,  , , ,  , , ,  , , ,  , , ,  , , ,  , , ,  , , , 
2, 14, 2.87850582372, 4, 0.208, 0.054, -2, 0.217, 0.111, 19, 0.208, -0.054, 2, 0.217, -0.111, -19,  , , ,  , , ,  , , ,  , , ,  , , ,  , , , 
2, 7, 2.3637163782, 6, 0.245, 0.092, 21, 0.046, 0.112, 66, 0.052, -0.15, -61, 0.245, -0.092, -21, 0.046, -0.111, -66, 0.052, 0.15, 61,  , , ,  , , ,  , , ,  , , , 
2, 7, 2.3637163782, 6, 0.245, 0.092, 21, 0.046, 0.112, 66, 0.052, -0.15, -61, 0.245, -0.092, -21, 0.046, -0.111, -66, 0.052, 0.15, 61,  , , ,  , , ,  , , ,  , , , 
2, 32, 1.96785331382, 8, 0.112, 0.113, 76, 0.223, 0.128, 24, 0.222, -0.119, -51, 0.138, -0.128, -67, 0.112, -0.112, -76, 0.223, -0.128, -24, 0.222, 0.12, 51, 0.138, 0.128, 67,  , , ,  , , , 
2, 11, 1.69861274689, 4, 0.206, 0.07, -30, 0.096, -0.146, -45, 0.206, -0.07, 30, 0.096, 0.146, 45,  , , ,  , , ,  , , ,  , , ,  , , ,  , , , 
3, 51, 4.38240299376, 2, 0.206, 0.07, -30, 0.206, -0.07, 30,  , , ,  , , ,  , , ,  , , ,  , , ,  , , ,  , , ,  , , , 
3, 54, 1.17311483516, 4, 0.235, -0.106, -95, 0.096, -0.146, -45, 0.235, 0.106, 95, 0.096, 0.146, 45,  , , ,  , , ,  , , ,  , , ,  , , ,  , , , 
3, 46, 4.26968346305, 2, 0.196, -0.106, 74, 0.196, 0.107, -74,  , , ,  , , ,  , , ,  , , ,  , , ,  , , ,  , , ,  , , , 
3, 14, 2.87850582372, 4, 0.208, 0.054, -2, 0.217, 0.111, 19, 0.208, -0.054, 2, 0.217, -0.111, -19,  , , ,  , , ,  , , ,  , , ,  , , ,  , , , 
3, 56, 2.41107030413, 6, 0.196, -0.106, -75, 0.046, 0.112, 66, 0.052, -0.15, -61, 0.196, 0.107, 75, 0.046, -0.111, -66, 0.052, 0.15, 61,  , , ,  , , ,  , , ,  , , , 
3, 25, 1.81015096362, 6, 0.198, 0.14, 41, 0.052, 0.102, 51, 0.207, -0.016, -25, 0.198, -0.139, -41, 0.052, -0.101, -51, 0.207, 0.016, 25,  , , ,  , , ,  , , ,  , , , 
3, 7, 2.3637163782, 6, 0.245, 0.092, 21, 0.046, 0.112, 66, 0.052, -0.15, -61, 0.245, -0.092, -21, 0.046, -0.111, -66, 0.052, 0.15, 61,  , , ,  , , ,  , , ,  , , , 
3, 14, 2.87850582372, 4, 0.208, 0.054, -2, 0.217, 0.111, 19, 0.208, -0.054, 2, 0.217, -0.111, -19,  , , ,  , , ,  , , ,  , , ,  , , ,  , , , 
3, 41, 2.01694931506, 2, 0.24, 0.104, 34, 0.24, -0.104, -34,  , , ,  , , ,  , , ,  , , ,  , , ,  , , ,  , , ,  , , , 
3, 9, 2.33385526185, 8, 0.24, -0.131, -40, 0.128, 0.103, 87, 0.208, -0.032, 27, 0.03, 0.105, 72, 0.24, 0.131, 40, 0.128, -0.103, -87, 0.208, 0.032, -27, 0.03, -0.105, -72,  , , ,  , , , 
3, 13, 2.79468501132, 2, 0.196, -0.106, -75, 0.196, 0.107, 75,  , , ,  , , ,  , , ,  , , ,  , , ,  , , ,  , , ,  , , , 
3, 9, 2.33385526185, 8, 0.24, -0.131, -40, 0.128, 0.103, 87, 0.208, -0.032, 27, 0.03, 0.105, 72, 0.24, 0.131, 40, 0.128, -0.103, -87, 0.208, 0.032, -27, 0.03, -0.105, -72,  , , ,  , , , 
3, 50, 3.13313267731, 2, 0.245, 0.092, 21, 0.245, -0.092, -21,  , , ,  , , ,  , , ,  , , ,  , , ,  , , ,  , , ,  , , , 
3, 50, 3.13313267731, 2, 0.245, 0.092, 21, 0.245, -0.092, -21,  , , ,  , , ,  , , ,  , , ,  , , ,  , , ,  , , ,  , , , 
3, 9, 2.33385526185, 8, 0.24, -0.131, -40, 0.128, 0.103, 87, 0.208, -0.032, 27, 0.03, 0.105, 72, 0.24, 0.131, 40, 0.128, -0.103, -87, 0.208, 0.032, -27, 0.03, -0.105, -72,  , , ,  , , , 
3, 7, 2.3637163782, 6, 0.245, 0.092, 21, 0.046, 0.112, 66, 0.052, -0.15, -61, 0.245, -0.092, -21, 0.046, -0.111, -66, 0.052, 0.15, 61,  , , ,  , , ,  , , ,  , , , 
3, 41, 2.01694931506, 2, 0.24, 0.104, 34, 0.24, -0.104, -34,  , , ,  , , ,  , , ,  , , ,  , , ,  , , ,  , , ,  , , , 
3, 25, 1.81015096362, 6, 0.198, 0.14, 41, 0.052, 0.102, 51, 0.207, -0.016, -25, 0.198, -0.139, -41, 0.052, -0.101, -51, 0.207, 0.016, 25,  , , ,  , , ,  , , ,  , , , 
3, 50, 3.13313267731, 2, 0.245, 0.092, 21, 0.245, -0.092, -21,  , , ,  , , ,  , , ,  , , ,  , , ,  , , ,  , , ,  , , , 
3, 48, 1.81141318968, 8, 0.018, 0.121, 48, 0.128, 0.103, 87, 0.208, -0.032, 27, 0.03, 0.105, 72, 0.018, -0.121, -48, 0.128, -0.103, -87, 0.208, 0.032, -27, 0.03, -0.105, -72,  , , ,  , , , 
3, 9, 2.33385526185, 8, 0.24, -0.131, -40, 0.128, 0.103, 87, 0.208, -0.032, 27, 0.03, 0.105, 72, 0.24, 0.131, 40, 0.128, -0.103, -87, 0.208, 0.032, -27, 0.03, -0.105, -72,  , , ,  , , , 
3, 9, 2.33385526185, 8, 0.24, -0.131, -40, 0.128, 0.103, 87, 0.208, -0.032, 27, 0.03, 0.105, 72, 0.24, 0.131, 40, 0.128, -0.103, -87, 0.208, 0.032, -27, 0.03, -0.105, -72,  , , ,  , , , 
3, 47, 1.67789589723, 6, 0.24, -0.131, -40, 0.044, 0.132, 42, 0.08, 0.149, -49, 0.24, 0.131, 40, 0.044, -0.132, -42, 0.08, -0.149, 49,  , , ,  , , ,  , , ,  , , , 
3, 14, 2.87850582372, 4, 0.208, 0.054, -2, 0.217, 0.111, 19, 0.208, -0.054, 2, 0.217, -0.111, -19,  , , ,  , , ,  , , ,  , , ,  , , ,  , , , 
3, 32, 1.96785331382, 8, 0.112, 0.113, 76, 0.223, 0.128, 24, 0.222, -0.119, -51, 0.138, -0.128, -67, 0.112, -0.112, -76, 0.223, -0.128, -24, 0.222, 0.12, 51, 0.138, 0.128, 67,  , , ,  , , , 
3, 9, 2.33385526185, 8, 0.24, -0.131, -40, 0.128, 0.103, 87, 0.208, -0.032, 27, 0.03, 0.105, 72, 0.24, 0.131, 40, 0.128, -0.103, -87, 0.208, 0.032, -27, 0.03, -0.105, -72,  , , ,  , , , 
3, 9, 2.33385526185, 8, 0.24, -0.131, -40, 0.128, 0.103, 87, 0.208, -0.032, 27, 0.03, 0.105, 72, 0.24, 0.131, 40, 0.128, -0.103, -87, 0.208, 0.032, -27, 0.03, -0.105, -72,  , , ,  , , , 
3, 41, 2.01694931506, 2, 0.24, 0.104, 34, 0.24, -0.104, -34,  , , ,  , , ,  , , ,  , , ,  , , ,  , , ,  , , ,  , , , 
3, 55, 1.86610184923, 2, 0.245, 0.092, 21, 0.245, -0.092, -21,  , , ,  , , ,  , , ,  , , ,  , , ,  , , ,  , , ,  , , , 
3, 56, 2.41107030413, 6, 0.196, -0.106, -75, 0.046, 0.112, 66, 0.052, -0.15, -61, 0.196, 0.107, 75, 0.046, -0.111, -66, 0.052, 0.15, 61,  , , ,  , , ,  , , ,  , , , 
4, 63, 2.4101254399, 4, 0.208, 0.054, -2, 0.096, -0.146, -45, 0.208, -0.054, 2, 0.096, 0.146, 45,  , , ,  , , ,  , , ,  , , ,  , , ,  , , , 
4, 46, 4.26968346305, 2, 0.196, -0.106, 74, 0.196, 0.107, -74,  , , ,  , , ,  , , ,  , , ,  , , ,  , , ,  , , ,  , , , 
4, 56, 2.41107030413, 6, 0.196, -0.106, -75, 0.046, 0.112, 66, 0.052, -0.15, -61, 0.196, 0.107, 75, 0.046, -0.111, -66, 0.052, 0.15, 61,  , , ,  , , ,  , , ,  , , , 
4, 9, 2.33385526185, 8, 0.24, -0.131, -40, 0.128, 0.103, 87, 0.208, -0.032, 27, 0.03, 0.105, 72, 0.24, 0.131, 40, 0.128, -0.103, -87, 0.208, 0.032, -27, 0.03, -0.105, -72,  , , ,  , , , 
4, 14, 2.87850582372, 4, 0.208, 0.054, -2, 0.217, 0.111, 19, 0.208, -0.054, 2, 0.217, -0.111, -19,  , , ,  , , ,  , , ,  , , ,  , , ,  , , , 
4, 41, 2.01694931506, 2, 0.24, 0.104, 34, 0.24, -0.104, -34,  , , ,  , , ,  , , ,  , , ,  , , ,  , , ,  , , ,  , , , 
4, 50, 3.13313267731, 2, 0.245, 0.092, 21, 0.245, -0.092, -21,  , , ,  , , ,  , , ,  , , ,  , , ,  , , ,  , , ,  , , , 
4, 50, 3.13313267731, 2, 0.245, 0.092, 21, 0.245, -0.092, -21,  , , ,  , , ,  , , ,  , , ,  , , ,  , , ,  , , ,  , , , 
4, 9, 2.33385526185, 8, 0.24, -0.131, -40, 0.128, 0.103, 87, 0.208, -0.032, 27, 0.03, 0.105, 72, 0.24, 0.131, 40, 0.128, -0.103, -87, 0.208, 0.032, -27, 0.03, -0.105, -72,  , , ,  , , , 
4, 63, 2.4101254399, 4, 0.208, 0.054, -2, 0.096, -0.146, -45, 0.208, -0.054, 2, 0.096, 0.146, 45,  , , ,  , , ,  , , ,  , , ,  , , ,  , , , 
4, 9, 2.33385526185, 8, 0.24, -0.131, -40, 0.128, 0.103, 87, 0.208, -0.032, 27, 0.03, 0.105, 72, 0.24, 0.131, 40, 0.128, -0.103, -87, 0.208, 0.032, -27, 0.03, -0.105, -72,  , , ,  , , , 
4, 14, 2.87850582372, 4, 0.208, 0.054, -2, 0.217, 0.111, 19, 0.208, -0.054, 2, 0.217, -0.111, -19,  , , ,  , , ,  , , ,  , , ,  , , ,  , , , 
4, 51, 4.38240299376, 2, 0.206, 0.07, -30, 0.206, -0.07, 30,  , , ,  , , ,  , , ,  , , ,  , , ,  , , ,  , , ,  , , , 
4, 65, 2.26659051419, 2, 0.235, -0.141, -95, 0.235, 0.141, 95,  , , ,  , , ,  , , ,  , , ,  , , ,  , , ,  , , ,  , , , 
4, 41, 2.01694931506, 2, 0.24, 0.104, 34, 0.24, -0.104, -34,  , , ,  , , ,  , , ,  , , ,  , , ,  , , ,  , , ,  , , , 
4, 50, 3.13313267731, 2, 0.245, 0.092, 21, 0.245, -0.092, -21,  , , ,  , , ,  , , ,  , , ,  , , ,  , , ,  , , ,  , , , 
4, 51, 4.38240299376, 2, 0.206, 0.07, -30, 0.206, -0.07, 30,  , , ,  , , ,  , , ,  , , ,  , , ,  , , ,  , , ,  , , , 
4, 9, 2.33385526185, 8, 0.24, -0.131, -40, 0.128, 0.103, 87, 0.208, -0.032, 27, 0.03, 0.105, 72, 0.24, 0.131, 40, 0.128, -0.103, -87, 0.208, 0.032, -27, 0.03, -0.105, -72,  , , ,  , , , 
4, 14, 2.87850582372, 4, 0.208, 0.054, -2, 0.217, 0.111, 19, 0.208, -0.054, 2, 0.217, -0.111, -19,  , , ,  , , ,  , , ,  , , ,  , , ,  , , , 
4, 9, 2.33385526185, 8, 0.24, -0.131, -40, 0.128, 0.103, 87, 0.208, -0.032, 27, 0.03, 0.105, 72, 0.24, 0.131, 40, 0.128, -0.103, -87, 0.208, 0.032, -27, 0.03, -0.105, -72,  , , ,  , , , 
4, 9, 2.33385526185, 8, 0.24, -0.131, -40, 0.128, 0.103, 87, 0.208, -0.032, 27, 0.03, 0.105, 72, 0.24, 0.131, 40, 0.128, -0.103, -87, 0.208, 0.032, -27, 0.03, -0.105, -72,  , , ,  , , , 
4, 9, 2.33385526185, 8, 0.24, -0.131, -40, 0.128, 0.103, 87, 0.208, -0.032, 27, 0.03, 0.105, 72, 0.24, 0.131, 40, 0.128, -0.103, -87, 0.208, 0.032, -27, 0.03, -0.105, -72,  , , ,  , , , 
4, 56, 2.41107030413, 6, 0.196, -0.106, -75, 0.046, 0.112, 66, 0.052, -0.15, -61, 0.196, 0.107, 75, 0.046, -0.111, -66, 0.052, 0.15, 61,  , , ,  , , ,  , , ,  , , , 
4, 48, 1.81141318968, 8, 0.018, 0.121, 48, 0.128, 0.103, 87, 0.208, -0.032, 27, 0.03, 0.105, 72, 0.018, -0.121, -48, 0.128, -0.103, -87, 0.208, 0.032, -27, 0.03, -0.105, -72,  , , ,  , , , 
4, 14, 2.87850582372, 4, 0.208, 0.054, -2, 0.217, 0.111, 19, 0.208, -0.054, 2, 0.217, -0.111, -19,  , , ,  , , ,  , , ,  , , ,  , , ,  , , , 
4, 66, 2.05765635971, 4, 0.24, 0.104, 34, 0.217, 0.111, 19, 0.24, -0.104, -34, 0.217, -0.111, -19,  , , ,  , , ,  , , ,  , , ,  , , ,  , , , 
4, 68, 2.25042124842, 2, 0.24, -0.131, -40, 0.24, 0.131, 40,  , , ,  , , ,  , , ,  , , ,  , , ,  , , ,  , , ,  , , , 
4, 46, 4.26968346305, 2, 0.196, -0.106, 74, 0.196, 0.107, -74,  , , ,  , , ,  , , ,  , , ,  , , ,  , , ,  , , ,  , , , 
4, 7, 2.3637163782, 6, 0.245, 0.092, 21, 0.046, 0.112, 66, 0.052, -0.15, -61, 0.245, -0.092, -21, 0.046, -0.111, -66, 0.052, 0.15, 61,  , , ,  , , ,  , , ,  , , , 
4, 32, 1.96785331382, 8, 0.112, 0.113, 76, 0.223, 0.128, 24, 0.222, -0.119, -51, 0.138, -0.128, -67, 0.112, -0.112, -76, 0.223, -0.128, -24, 0.222, 0.12, 51, 0.138, 0.128, 67,  , , ,  , , , 
5, 86, 4.23027674666, 2, 0.196, -0.106, 74, 0.196, 0.107, -74,  , , ,  , , ,  , , ,  , , ,  , , ,  , , ,  , , ,  , , , 
5, 9, 2.33385526185, 8, 0.24, -0.131, -40, 0.128, 0.103, 87, 0.208, -0.032, 27, 0.03, 0.105, 72, 0.24, 0.131, 40, 0.128, -0.103, -87, 0.208, 0.032, -27, 0.03, -0.105, -72,  , , ,  , , , 
5, 50, 3.13313267731, 2, 0.245, 0.092, 21, 0.245, -0.092, -21,  , , ,  , , ,  , , ,  , , ,  , , ,  , , ,  , , ,  , , , 
5, 14, 2.87850582372, 4, 0.208, 0.054, -2, 0.217, 0.111, 19, 0.208, -0.054, 2, 0.217, -0.111, -19,  , , ,  , , ,  , , ,  , , ,  , , ,  , , , 
5, 46, 4.26968346305, 2, 0.196, -0.106, 74, 0.196, 0.107, -74,  , , ,  , , ,  , , ,  , , ,  , , ,  , , ,  , , ,  , , , 
5, 9, 2.33385526185, 8, 0.24, -0.131, -40, 0.128, 0.103, 87, 0.208, -0.032, 27, 0.03, 0.105, 72, 0.24, 0.131, 40, 0.128, -0.103, -87, 0.208, 0.032, -27, 0.03, -0.105, -72,  , , ,  , , , 
5, 9, 2.33385526185, 8, 0.24, -0.131, -40, 0.128, 0.103, 87, 0.208, -0.032, 27, 0.03, 0.105, 72, 0.24, 0.131, 40, 0.128, -0.103, -87, 0.208, 0.032, -27, 0.03, -0.105, -72,  , , ,  , , , 
5, 7, 2.3637163782, 6, 0.245, 0.092, 21, 0.046, 0.112, 66, 0.052, -0.15, -61, 0.245, -0.092, -21, 0.046, -0.111, -66, 0.052, 0.15, 61,  , , ,  , , ,  , , ,  , , , 
5, 69, 1.9093748108, 8, 0.24, -0.131, -40, 0.232, -0.147, 13, 0.208, -0.032, 27, 0.03, 0.105, 72, 0.24, 0.131, 40, 0.232, 0.147, -13, 0.208, 0.032, -27, 0.03, -0.105, -72,  , , ,  , , , 
5, 50, 3.13313267731, 2, 0.245, 0.092, 21, 0.245, -0.092, -21,  , , ,  , , ,  , , ,  , , ,  , , ,  , , ,  , , ,  , , , 
5, 50, 3.13313267731, 2, 0.245, 0.092, 21, 0.245, -0.092, -21,  , , ,  , , ,  , , ,  , , ,  , , ,  , , ,  , , ,  , , , 
5, 14, 2.87850582372, 4, 0.208, 0.054, -2, 0.217, 0.111, 19, 0.208, -0.054, 2, 0.217, -0.111, -19,  , , ,  , , ,  , , ,  , , ,  , , ,  , , , 
5, 77, 2.46810279539, 2, 0.24, -0.131, -40, 0.24, 0.131, 40,  , , ,  , , ,  , , ,  , , ,  , , ,  , , ,  , , ,  , , , 
5, 51, 4.38240299376, 2, 0.206, 0.07, -30, 0.206, -0.07, 30,  , , ,  , , ,  , , ,  , , ,  , , ,  , , ,  , , ,  , , , 
5, 63, 2.4101254399, 4, 0.208, 0.054, -2, 0.096, -0.146, -45, 0.208, -0.054, 2, 0.096, 0.146, 45,  , , ,  , , ,  , , ,  , , ,  , , ,  , , , 
5, 46, 4.26968346305, 2, 0.196, -0.106, 74, 0.196, 0.107, -74,  , , ,  , , ,  , , ,  , , ,  , , ,  , , ,  , , ,  , , , 
5, 9, 2.33385526185, 8, 0.24, -0.131, -40, 0.128, 0.103, 87, 0.208, -0.032, 27, 0.03, 0.105, 72, 0.24, 0.131, 40, 0.128, -0.103, -87, 0.208, 0.032, -27, 0.03, -0.105, -72,  , , ,  , , , 
5, 74, 0.628285946582, 8, 0.208, 0.054, -2, 0.128, 0.103, 87, 0.208, -0.032, 27, 0.03, 0.105, 72, 0.208, -0.054, 2, 0.128, -0.103, -87, 0.208, 0.032, -27, 0.03, -0.105, -72,  , , ,  , , , 
5, 51, 4.38240299376, 2, 0.206, 0.07, -30, 0.206, -0.07, 30,  , , ,  , , ,  , , ,  , , ,  , , ,  , , ,  , , ,  , , , 
5, 56, 2.41107030413, 6, 0.196, -0.106, -75, 0.046, 0.112, 66, 0.052, -0.15, -61, 0.196, 0.107, 75, 0.046, -0.111, -66, 0.052, 0.15, 61,  , , ,  , , ,  , , ,  , , , 
5, 14, 2.87850582372, 4, 0.208, 0.054, -2, 0.217, 0.111, 19, 0.208, -0.054, 2, 0.217, -0.111, -19,  , , ,  , , ,  , , ,  , , ,  , , ,  , , , 
5, 77, 2.46810279539, 2, 0.24, -0.131, -40, 0.24, 0.131, 40,  , , ,  , , ,  , , ,  , , ,  , , ,  , , ,  , , ,  , , , 
5, 63, 2.4101254399, 4, 0.208, 0.054, -2, 0.096, -0.146, -45, 0.208, -0.054, 2, 0.096, 0.146, 45,  , , ,  , , ,  , , ,  , , ,  , , ,  , , , 
5, 85, 3.78630738479, 4, 0.208, 0.054, -2, 0.217, 0.111, 19, 0.208, -0.054, 2, 0.217, -0.111, -19,  , , ,  , , ,  , , ,  , , ,  , , ,  , , , 
5, 63, 2.4101254399, 4, 0.208, 0.054, -2, 0.096, -0.146, -45, 0.208, -0.054, 2, 0.096, 0.146, 45,  , , ,  , , ,  , , ,  , , ,  , , ,  , , , 
5, 14, 2.87850582372, 4, 0.208, 0.054, -2, 0.217, 0.111, 19, 0.208, -0.054, 2, 0.217, -0.111, -19,  , , ,  , , ,  , , ,  , , ,  , , ,  , , , 
5, 9, 2.33385526185, 8, 0.24, -0.131, -40, 0.128, 0.103, 87, 0.208, -0.032, 27, 0.03, 0.105, 72, 0.24, 0.131, 40, 0.128, -0.103, -87, 0.208, 0.032, -27, 0.03, -0.105, -72,  , , ,  , , , 
5, 50, 3.13313267731, 2, 0.245, 0.092, 21, 0.245, -0.092, -21,  , , ,  , , ,  , , ,  , , ,  , , ,  , , ,  , , ,  , , , 
5, 56, 2.41107030413, 6, 0.196, -0.106, -75, 0.046, 0.112, 66, 0.052, -0.15, -61, 0.196, 0.107, 75, 0.046, -0.111, -66, 0.052, 0.15, 61,  , , ,  , , ,  , , ,  , , , 
5, 77, 2.46810279539, 2, 0.24, -0.131, -40, 0.24, 0.131, 40,  , , ,  , , ,  , , ,  , , ,  , , ,  , , ,  , , ,  , , , 
6, 93, 3.56579656848, 2, 0.21, 0.07, -30, 0.21, -0.07, 30,  , , ,  , , ,  , , ,  , , ,  , , ,  , , ,  , , ,  , , , 
6, 14, 2.87850582372, 4, 0.208, 0.054, -2, 0.217, 0.111, 19, 0.208, -0.054, 2, 0.217, -0.111, -19,  , , ,  , , ,  , , ,  , , ,  , , ,  , , , 
6, 86, 4.23027674666, 2, 0.196, -0.106, 74, 0.196, 0.107, -74,  , , ,  , , ,  , , ,  , , ,  , , ,  , , ,  , , ,  , , , 
6, 90, 2.19768085603, 2, 0.245, -0.102, 82, 0.245, 0.102, -82,  , , ,  , , ,  , , ,  , , ,  , , ,  , , ,  , , ,  , , , 
6, 86, 4.23027674666, 2, 0.196, -0.106, 74, 0.196, 0.107, -74,  , , ,  , , ,  , , ,  , , ,  , , ,  , , ,  , , ,  , , , 
6, 14, 2.87850582372, 4, 0.208, 0.054, -2, 0.217, 0.111, 19, 0.208, -0.054, 2, 0.217, -0.111, -19,  , , ,  , , ,  , , ,  , , ,  , , ,  , , , 
6, 14, 2.87850582372, 4, 0.208, 0.054, -2, 0.217, 0.111, 19, 0.208, -0.054, 2, 0.217, -0.111, -19,  , , ,  , , ,  , , ,  , , ,  , , ,  , , , 
6, 92, 2.75207041841, 2, 0.241, 0.07, -30, 0.241, -0.07, 30,  , , ,  , , ,  , , ,  , , ,  , , ,  , , ,  , , ,  , , , 
6, 50, 3.13313267731, 2, 0.245, 0.092, 21, 0.245, -0.092, -21,  , , ,  , , ,  , , ,  , , ,  , , ,  , , ,  , , ,  , , , 
6, 50, 3.13313267731, 2, 0.245, 0.092, 21, 0.245, -0.092, -21,  , , ,  , , ,  , , ,  , , ,  , , ,  , , ,  , , ,  , , , 
6, 14, 2.87850582372, 4, 0.208, 0.054, -2, 0.217, 0.111, 19, 0.208, -0.054, 2, 0.217, -0.111, -19,  , , ,  , , ,  , , ,  , , ,  , , ,  , , , 
6, 46, 4.26968346305, 2, 0.196, -0.106, 74, 0.196, 0.107, -74,  , , ,  , , ,  , , ,  , , ,  , , ,  , , ,  , , ,  , , , 
6, 14, 2.87850582372, 4, 0.208, 0.054, -2, 0.217, 0.111, 19, 0.208, -0.054, 2, 0.217, -0.111, -19,  , , ,  , , ,  , , ,  , , ,  , , ,  , , , 
6, 77, 2.46810279539, 2, 0.24, -0.131, -40, 0.24, 0.131, 40,  , , ,  , , ,  , , ,  , , ,  , , ,  , , ,  , , ,  , , , 
6, 63, 2.4101254399, 4, 0.208, 0.054, -2, 0.096, -0.146, -45, 0.208, -0.054, 2, 0.096, 0.146, 45,  , , ,  , , ,  , , ,  , , ,  , , ,  , , , 
6, 9, 2.33385526185, 8, 0.24, -0.131, -40, 0.128, 0.103, 87, 0.208, -0.032, 27, 0.03, 0.105, 72, 0.24, 0.131, 40, 0.128, -0.103, -87, 0.208, 0.032, -27, 0.03, -0.105, -72,  , , ,  , , , 
6, 14, 2.87850582372, 4, 0.208, 0.054, -2, 0.217, 0.111, 19, 0.208, -0.054, 2, 0.217, -0.111, -19,  , , ,  , , ,  , , ,  , , ,  , , ,  , , , 
6, 9, 2.33385526185, 8, 0.24, -0.131, -40, 0.128, 0.103, 87, 0.208, -0.032, 27, 0.03, 0.105, 72, 0.24, 0.131, 40, 0.128, -0.103, -87, 0.208, 0.032, -27, 0.03, -0.105, -72,  , , ,  , , , 
6, 14, 2.87850582372, 4, 0.208, 0.054, -2, 0.217, 0.111, 19, 0.208, -0.054, 2, 0.217, -0.111, -19,  , , ,  , , ,  , , ,  , , ,  , , ,  , , , 
6, 46, 4.26968346305, 2, 0.196, -0.106, 74, 0.196, 0.107, -74,  , , ,  , , ,  , , ,  , , ,  , , ,  , , ,  , , ,  , , , 
6, 50, 3.13313267731, 2, 0.245, 0.092, 21, 0.245, -0.092, -21,  , , ,  , , ,  , , ,  , , ,  , , ,  , , ,  , , ,  , , , 
6, 56, 2.41107030413, 6, 0.196, -0.106, -75, 0.046, 0.112, 66, 0.052, -0.15, -61, 0.196, 0.107, 75, 0.046, -0.111, -66, 0.052, 0.15, 61,  , , ,  , , ,  , , ,  , , , 
6, 50, 3.13313267731, 2, 0.245, 0.092, 21, 0.245, -0.092, -21,  , , ,  , , ,  , , ,  , , ,  , , ,  , , ,  , , ,  , , , 
6, 51, 4.38240299376, 2, 0.206, 0.07, -30, 0.206, -0.07, 30,  , , ,  , , ,  , , ,  , , ,  , , ,  , , ,  , , ,  , , , 
6, 93, 3.56579656848, 2, 0.21, 0.07, -30, 0.21, -0.07, 30,  , , ,  , , ,  , , ,  , , ,  , , ,  , , ,  , , ,  , , , 
6, 50, 3.13313267731, 2, 0.245, 0.092, 21, 0.245, -0.092, -21,  , , ,  , , ,  , , ,  , , ,  , , ,  , , ,  , , ,  , , , 
6, 51, 4.38240299376, 2, 0.206, 0.07, -30, 0.206, -0.07, 30,  , , ,  , , ,  , , ,  , , ,  , , ,  , , ,  , , ,  , , , 
6, 63, 2.4101254399, 4, 0.208, 0.054, -2, 0.096, -0.146, -45, 0.208, -0.054, 2, 0.096, 0.146, 45,  , , ,  , , ,  , , ,  , , ,  , , ,  , , , 
6, 56, 2.41107030413, 6, 0.196, -0.106, -75, 0.046, 0.112, 66, 0.052, -0.15, -61, 0.196, 0.107, 75, 0.046, -0.111, -66, 0.052, 0.15, 61,  , , ,  , , ,  , , ,  , , , 
6, 50, 3.13313267731, 2, 0.245, 0.092, 21, 0.245, -0.092, -21,  , , ,  , , ,  , , ,  , , ,  , , ,  , , ,  , , ,  , , , 
7, 111, 3.5472076249, 4, 0.196, -0.106, -75, 0.217, 0.111, 19, 0.196, 0.107, 75, 0.217, -0.111, -19,  , , ,  , , ,  , , ,  , , ,  , , ,  , , , 
7, 50, 3.13313267731, 2, 0.245, 0.092, 21, 0.245, -0.092, -21,  , , ,  , , ,  , , ,  , , ,  , , ,  , , ,  , , ,  , , , 
7, 50, 3.13313267731, 2, 0.245, 0.092, 21, 0.245, -0.092, -21,  , , ,  , , ,  , , ,  , , ,  , , ,  , , ,  , , ,  , , , 
7, 104, 3.40607658513, 2, 0.196, -0.106, 74, 0.196, 0.107, -74,  , , ,  , , ,  , , ,  , , ,  , , ,  , , ,  , , ,  , , , 
7, 50, 3.13313267731, 2, 0.245, 0.092, 21, 0.245, -0.092, -21,  , , ,  , , ,  , , ,  , , ,  , , ,  , , ,  , , ,  , , , 
7, 103, 3.04867528957, 2, 0.245, 0.092, 21, 0.245, -0.092, -21,  , , ,  , , ,  , , ,  , , ,  , , ,  , , ,  , , ,  , , , 
7, 104, 3.40607658513, 2, 0.196, -0.106, 74, 0.196, 0.107, -74,  , , ,  , , ,  , , ,  , , ,  , , ,  , , ,  , , ,  , , , 
7, 93, 3.56579656848, 2, 0.21, 0.07, -30, 0.21, -0.07, 30,  , , ,  , , ,  , , ,  , , ,  , , ,  , , ,  , , ,  , , , 
7, 111, 3.5472076249, 4, 0.196, -0.106, -75, 0.217, 0.111, 19, 0.196, 0.107, 75, 0.217, -0.111, -19,  , , ,  , , ,  , , ,  , , ,  , , ,  , , , 
7, 63, 2.4101254399, 4, 0.208, 0.054, -2, 0.096, -0.146, -45, 0.208, -0.054, 2, 0.096, 0.146, 45,  , , ,  , , ,  , , ,  , , ,  , , ,  , , , 
7, 50, 3.13313267731, 2, 0.245, 0.092, 21, 0.245, -0.092, -21,  , , ,  , , ,  , , ,  , , ,  , , ,  , , ,  , , ,  , , , 
7, 51, 4.38240299376, 2, 0.206, 0.07, -30, 0.206, -0.07, 30,  , , ,  , , ,  , , ,  , , ,  , , ,  , , ,  , , ,  , , , 
7, 14, 2.87850582372, 4, 0.208, 0.054, -2, 0.217, 0.111, 19, 0.208, -0.054, 2, 0.217, -0.111, -19,  , , ,  , , ,  , , ,  , , ,  , , ,  , , , 
7, 106, 2.42607526986, 2, 0.217, 0.111, 19, 0.217, -0.111, -19,  , , ,  , , ,  , , ,  , , ,  , , ,  , , ,  , , ,  , , , 
7, 46, 4.26968346305, 2, 0.196, -0.106, 74, 0.196, 0.107, -74,  , , ,  , , ,  , , ,  , , ,  , , ,  , , ,  , , ,  , , , 
7, 14, 2.87850582372, 4, 0.208, 0.054, -2, 0.217, 0.111, 19, 0.208, -0.054, 2, 0.217, -0.111, -19,  , , ,  , , ,  , , ,  , , ,  , , ,  , , , 
7, 93, 3.56579656848, 2, 0.21, 0.07, -30, 0.21, -0.07, 30,  , , ,  , , ,  , , ,  , , ,  , , ,  , , ,  , , ,  , , , 
7, 14, 2.87850582372, 4, 0.208, 0.054, -2, 0.217, 0.111, 19, 0.208, -0.054, 2, 0.217, -0.111, -19,  , , ,  , , ,  , , ,  , , ,  , , ,  , , , 
7, 14, 2.87850582372, 4, 0.208, 0.054, -2, 0.217, 0.111, 19, 0.208, -0.054, 2, 0.217, -0.111, -19,  , , ,  , , ,  , , ,  , , ,  , , ,  , , , 
7, 50, 3.13313267731, 2, 0.245, 0.092, 21, 0.245, -0.092, -21,  , , ,  , , ,  , , ,  , , ,  , , ,  , , ,  , , ,  , , , 
7, 56, 2.41107030413, 6, 0.196, -0.106, -75, 0.046, 0.112, 66, 0.052, -0.15, -61, 0.196, 0.107, 75, 0.046, -0.111, -66, 0.052, 0.15, 61,  , , ,  , , ,  , , ,  , , , 
7, 109, 2.40070832787, 4, 0.245, 0.092, 21, 0.217, 0.111, 19, 0.245, -0.092, -21, 0.217, -0.111, -19,  , , ,  , , ,  , , ,  , , ,  , , ,  , , , 
7, 86, 4.23027674666, 2, 0.196, -0.106, 74, 0.196, 0.107, -74,  , , ,  , , ,  , , ,  , , ,  , , ,  , , ,  , , ,  , , , 
7, 105, 1.19729485891, 4, 0.208, 0.054, -2, 0.217, 0.111, 19, 0.208, -0.054, 2, 0.217, -0.111, -19,  , , ,  , , ,  , , ,  , , ,  , , ,  , , , 
7, 103, 3.04867528957, 2, 0.245, 0.092, 21, 0.245, -0.092, -21,  , , ,  , , ,  , , ,  , , ,  , , ,  , , ,  , , ,  , , , 
7, 63, 2.4101254399, 4, 0.208, 0.054, -2, 0.096, -0.146, -45, 0.208, -0.054, 2, 0.096, 0.146, 45,  , , ,  , , ,  , , ,  , , ,  , , ,  , , , 
7, 93, 3.56579656848, 2, 0.21, 0.07, -30, 0.21, -0.07, 30,  , , ,  , , ,  , , ,  , , ,  , , ,  , , ,  , , ,  , , , 
7, 14, 2.87850582372, 4, 0.208, 0.054, -2, 0.217, 0.111, 19, 0.208, -0.054, 2, 0.217, -0.111, -19,  , , ,  , , ,  , , ,  , , ,  , , ,  , , , 
7, 86, 4.23027674666, 2, 0.196, -0.106, 74, 0.196, 0.107, -74,  , , ,  , , ,  , , ,  , , ,  , , ,  , , ,  , , ,  , , , 
7, 103, 3.04867528957, 2, 0.245, 0.092, 21, 0.245, -0.092, -21,  , , ,  , , ,  , , ,  , , ,  , , ,  , , ,  , , ,  , , , 
8, 115, 3.82480230395, 2, 0.21, 0.022, -30, 0.21, -0.022, 30,  , , ,  , , ,  , , ,  , , ,  , , ,  , , ,  , , ,  , , , 
8, 109, 2.40070832787, 4, 0.245, 0.092, 21, 0.217, 0.111, 19, 0.245, -0.092, -21, 0.217, -0.111, -19,  , , ,  , , ,  , , ,  , , ,  , , ,  , , , 
8, 103, 3.04867528957, 2, 0.245, 0.092, 21, 0.245, -0.092, -21,  , , ,  , , ,  , , ,  , , ,  , , ,  , , ,  , , ,  , , , 
8, 56, 2.41107030413, 6, 0.196, -0.106, -75, 0.046, 0.112, 66, 0.052, -0.15, -61, 0.196, 0.107, 75, 0.046, -0.111, -66, 0.052, 0.15, 61,  , , ,  , , ,  , , ,  , , , 
8, 93, 3.56579656848, 2, 0.21, 0.07, -30, 0.21, -0.07, 30,  , , ,  , , ,  , , ,  , , ,  , , ,  , , ,  , , ,  , , , 
8, 93, 3.56579656848, 2, 0.21, 0.07, -30, 0.21, -0.07, 30,  , , ,  , , ,  , , ,  , , ,  , , ,  , , ,  , , ,  , , , 
8, 104, 3.40607658513, 2, 0.196, -0.106, 74, 0.196, 0.107, -74,  , , ,  , , ,  , , ,  , , ,  , , ,  , , ,  , , ,  , , , 
8, 50, 3.13313267731, 2, 0.245, 0.092, 21, 0.245, -0.092, -21,  , , ,  , , ,  , , ,  , , ,  , , ,  , , ,  , , ,  , , , 
8, 86, 4.23027674666, 2, 0.196, -0.106, 74, 0.196, 0.107, -74,  , , ,  , , ,  , , ,  , , ,  , , ,  , , ,  , , ,  , , , 
8, 86, 4.23027674666, 2, 0.196, -0.106, 74, 0.196, 0.107, -74,  , , ,  , , ,  , , ,  , , ,  , , ,  , , ,  , , ,  , , , 
8, 50, 3.13313267731, 2, 0.245, 0.092, 21, 0.245, -0.092, -21,  , , ,  , , ,  , , ,  , , ,  , , ,  , , ,  , , ,  , , , 
8, 50, 3.13313267731, 2, 0.245, 0.092, 21, 0.245, -0.092, -21,  , , ,  , , ,  , , ,  , , ,  , , ,  , , ,  , , ,  , , , 
8, 51, 4.38240299376, 2, 0.206, 0.07, -30, 0.206, -0.07, 30,  , , ,  , , ,  , , ,  , , ,  , , ,  , , ,  , , ,  , , , 
8, 86, 4.23027674666, 2, 0.196, -0.106, 74, 0.196, 0.107, -74,  , , ,  , , ,  , , ,  , , ,  , , ,  , , ,  , , ,  , , , 
8, 115, 3.82480230395, 2, 0.21, 0.022, -30, 0.21, -0.022, 30,  , , ,  , , ,  , , ,  , , ,  , , ,  , , ,  , , ,  , , , 
8, 50, 3.13313267731, 2, 0.245, 0.092, 21, 0.245, -0.092, -21,  , , ,  , , ,  , , ,  , , ,  , , ,  , , ,  , , ,  , , , 
8, 86, 4.23027674666, 2, 0.196, -0.106, 74, 0.196, 0.107, -74,  , , ,  , , ,  , , ,  , , ,  , , ,  , , ,  , , ,  , , , 
8, 115, 3.82480230395, 2, 0.21, 0.022, -30, 0.21, -0.022, 30,  , , ,  , , ,  , , ,  , , ,  , , ,  , , ,  , , ,  , , , 
8, 111, 3.5472076249, 4, 0.196, -0.106, -75, 0.217, 0.111, 19, 0.196, 0.107, 75, 0.217, -0.111, -19,  , , ,  , , ,  , , ,  , , ,  , , ,  , , , 
8, 106, 2.42607526986, 2, 0.217, 0.111, 19, 0.217, -0.111, -19,  , , ,  , , ,  , , ,  , , ,  , , ,  , , ,  , , ,  , , , 
8, 115, 3.82480230395, 2, 0.21, 0.022, -30, 0.21, -0.022, 30,  , , ,  , , ,  , , ,  , , ,  , , ,  , , ,  , , ,  , , , 
8, 46, 4.26968346305, 2, 0.196, -0.106, 74, 0.196, 0.107, -74,  , , ,  , , ,  , , ,  , , ,  , , ,  , , ,  , , ,  , , , 
8, 86, 4.23027674666, 2, 0.196, -0.106, 74, 0.196, 0.107, -74,  , , ,  , , ,  , , ,  , , ,  , , ,  , , ,  , , ,  , , , 
8, 93, 3.56579656848, 2, 0.21, 0.07, -30, 0.21, -0.07, 30,  , , ,  , , ,  , , ,  , , ,  , , ,  , , ,  , , ,  , , , 
8, 111, 3.5472076249, 4, 0.196, -0.106, -75, 0.217, 0.111, 19, 0.196, 0.107, 75, 0.217, -0.111, -19,  , , ,  , , ,  , , ,  , , ,  , , ,  , , , 
8, 50, 3.13313267731, 2, 0.245, 0.092, 21, 0.245, -0.092, -21,  , , ,  , , ,  , , ,  , , ,  , , ,  , , ,  , , ,  , , , 
8, 104, 3.40607658513, 2, 0.196, -0.106, 74, 0.196, 0.107, -74,  , , ,  , , ,  , , ,  , , ,  , , ,  , , ,  , , ,  , , , 
8, 111, 3.5472076249, 4, 0.196, -0.106, -75, 0.217, 0.111, 19, 0.196, 0.107, 75, 0.217, -0.111, -19,  , , ,  , , ,  , , ,  , , ,  , , ,  , , , 
8, 111, 3.5472076249, 4, 0.196, -0.106, -75, 0.217, 0.111, 19, 0.196, 0.107, 75, 0.217, -0.111, -19,  , , ,  , , ,  , , ,  , , ,  , , ,  , , , 
8, 104, 3.40607658513, 2, 0.196, -0.106, 74, 0.196, 0.107, -74,  , , ,  , , ,  , , ,  , , ,  , , ,  , , ,  , , ,  , , , 
9, 128, 4.34954221652, 2, 0.196, -0.106, 74, 0.196, 0.107, -74,  , , ,  , , ,  , , ,  , , ,  , , ,  , , ,  , , ,  , , , 
9, 50, 3.13313267731, 2, 0.245, 0.092, 21, 0.245, -0.092, -21,  , , ,  , , ,  , , ,  , , ,  , , ,  , , ,  , , ,  , , , 
9, 111, 3.5472076249, 4, 0.196, -0.106, -75, 0.217, 0.111, 19, 0.196, 0.107, 75, 0.217, -0.111, -19,  , , ,  , , ,  , , ,  , , ,  , , ,  , , , 
9, 86, 4.23027674666, 2, 0.196, -0.106, 74, 0.196, 0.107, -74,  , , ,  , , ,  , , ,  , , ,  , , ,  , , ,  , , ,  , , , 
9, 104, 3.40607658513, 2, 0.196, -0.106, 74, 0.196, 0.107, -74,  , , ,  , , ,  , , ,  , , ,  , , ,  , , ,  , , ,  , , , 
9, 86, 4.23027674666, 2, 0.196, -0.106, 74, 0.196, 0.107, -74,  , , ,  , , ,  , , ,  , , ,  , , ,  , , ,  , , ,  , , , 
9, 93, 3.56579656848, 2, 0.21, 0.07, -30, 0.21, -0.07, 30,  , , ,  , , ,  , , ,  , , ,  , , ,  , , ,  , , ,  , , , 
9, 104, 3.40607658513, 2, 0.196, -0.106, 74, 0.196, 0.107, -74,  , , ,  , , ,  , , ,  , , ,  , , ,  , , ,  , , ,  , , , 
9, 115, 3.82480230395, 2, 0.21, 0.022, -30, 0.21, -0.022, 30,  , , ,  , , ,  , , ,  , , ,  , , ,  , , ,  , , ,  , , , 
9, 86, 4.23027674666, 2, 0.196, -0.106, 74, 0.196, 0.107, -74,  , , ,  , , ,  , , ,  , , ,  , , ,  , , ,  , , ,  , , , 
9, 130, 2.41486849411, 2, 0.196, -0.106, -75, 0.196, 0.107, 75,  , , ,  , , ,  , , ,  , , ,  , , ,  , , ,  , , ,  , , , 
9, 115, 3.82480230395, 2, 0.21, 0.022, -30, 0.21, -0.022, 30,  , , ,  , , ,  , , ,  , , ,  , , ,  , , ,  , , ,  , , , 
9, 111, 3.5472076249, 4, 0.196, -0.106, -75, 0.217, 0.111, 19, 0.196, 0.107, 75, 0.217, -0.111, -19,  , , ,  , , ,  , , ,  , , ,  , , ,  , , , 
9, 111, 3.5472076249, 4, 0.196, -0.106, -75, 0.217, 0.111, 19, 0.196, 0.107, 75, 0.217, -0.111, -19,  , , ,  , , ,  , , ,  , , ,  , , ,  , , , 
9, 128, 4.34954221652, 2, 0.196, -0.106, 74, 0.196, 0.107, -74,  , , ,  , , ,  , , ,  , , ,  , , ,  , , ,  , , ,  , , , 
9, 123, 2.94418273963, 2, 0.196, -0.106, 74, 0.196, 0.107, -74,  , , ,  , , ,  , , ,  , , ,  , , ,  , , ,  , , ,  , , , 
9, 50, 3.13313267731, 2, 0.245, 0.092, 21, 0.245, -0.092, -21,  , , ,  , , ,  , , ,  , , ,  , , ,  , , ,  , , ,  , , , 
9, 86, 4.23027674666, 2, 0.196, -0.106, 74, 0.196, 0.107, -74,  , , ,  , , ,  , , ,  , , ,  , , ,  , , ,  , , ,  , , , 
9, 103, 3.04867528957, 2, 0.245, 0.092, 21, 0.245, -0.092, -21,  , , ,  , , ,  , , ,  , , ,  , , ,  , , ,  , , ,  , , , 
9, 93, 3.56579656848, 2, 0.21, 0.07, -30, 0.21, -0.07, 30,  , , ,  , , ,  , , ,  , , ,  , , ,  , , ,  , , ,  , , , 
9, 128, 4.34954221652, 2, 0.196, -0.106, 74, 0.196, 0.107, -74,  , , ,  , , ,  , , ,  , , ,  , , ,  , , ,  , , ,  , , , 
9, 103, 3.04867528957, 2, 0.245, 0.092, 21, 0.245, -0.092, -21,  , , ,  , , ,  , , ,  , , ,  , , ,  , , ,  , , ,  , , , 
9, 115, 3.82480230395, 2, 0.21, 0.022, -30, 0.21, -0.022, 30,  , , ,  , , ,  , , ,  , , ,  , , ,  , , ,  , , ,  , , , 
9, 93, 3.56579656848, 2, 0.21, 0.07, -30, 0.21, -0.07, 30,  , , ,  , , ,  , , ,  , , ,  , , ,  , , ,  , , ,  , , , 
9, 111, 3.5472076249, 4, 0.196, -0.106, -75, 0.217, 0.111, 19, 0.196, 0.107, 75, 0.217, -0.111, -19,  , , ,  , , ,  , , ,  , , ,  , , ,  , , , 
9, 111, 3.5472076249, 4, 0.196, -0.106, -75, 0.217, 0.111, 19, 0.196, 0.107, 75, 0.217, -0.111, -19,  , , ,  , , ,  , , ,  , , ,  , , ,  , , , 
9, 86, 4.23027674666, 2, 0.196, -0.106, 74, 0.196, 0.107, -74,  , , ,  , , ,  , , ,  , , ,  , , ,  , , ,  , , ,  , , , 
9, 104, 3.40607658513, 2, 0.196, -0.106, 74, 0.196, 0.107, -74,  , , ,  , , ,  , , ,  , , ,  , , ,  , , ,  , , ,  , , , 
9, 130, 2.41486849411, 2, 0.196, -0.106, -75, 0.196, 0.107, 75,  , , ,  , , ,  , , ,  , , ,  , , ,  , , ,  , , ,  , , , 
9, 86, 4.23027674666, 2, 0.196, -0.106, 74, 0.196, 0.107, -74,  , , ,  , , ,  , , ,  , , ,  , , ,  , , ,  , , ,  , , , 
