*****Sonar Placement GA Expirement*****
Start Time: 2017-11-20 19:35:40.554007
Rand_seed:18
End Time: 
Running Time: 
Population size:30
Generation Count:25
Mutation Probability:0.15
Cross Over Probability:0.25
***** Constraints *****
Max Number of Sensors: 10
X Position: [0, 100]
Y Position: [0, 100]
Z Orient: [-90, 90]
***** Enviroment Factors *****
Sensor Knockout: False
Sensor Knockout Type: complete
Max Sim Time: 270
*****************************
Generation, ID, Fitness, Number of Sonar, S1_P_X, S1_P_Y, S1_O, S2_P_X, S2_P_Y, S2_O, S3_P_X, S3_P_Y, S3_O, S4_P_X, S4_P_Y, S4_O, S5_P_X, S5_P_Y, S5_O, S6_P_X, S6_P_Y, S6_O, S7_P_X, S7_P_Y, S7_O, S8_P_X, S8_P_Y, S8_O, S9_P_X, S9_P_Y, S9_O, S10_P_X, S10_P_Y, S10_O, Raw Fitness
0, 0, 0.0, 9, 0.211, -0.137, -7, 0.245, 0.133, 72, 0.241, -0.116, -34, 0.04, 0.116, 42, 0.05, -0.133, -51, 0.204, 0.137, 74, 0.06, -0.136, -56, 0.074, 0.137, 84, 0.216, 0.043, 18,  , , , -3.0, 42.9916593178, 
0, 1, 1.96833062554, 1, 0.066, 0.116, 72,  , , ,  , , ,  , , ,  , , ,  , , ,  , , ,  , , ,  , , ,  , , , -1.0, 50.6097814069, 
0, 2, 1.17884862416, 3, 0.218, 0.12, 65, 0.226, 0.126, 55, 0.247, -0.122, -37,  , , ,  , , ,  , , ,  , , ,  , , ,  , , ,  , , , -1.0, 44.1821287177, 
0, 3, 2.90782519556, 8, 0.038, 0.13, 75, 0.116, 0.126, 83, 0.162, -0.144, -80, 0.227, 0.139, 55, 0.204, 0.133, 7, 0.086, 0.104, 44, 0.16, -0.109, -79, 0.068, -0.127, -75,  , , ,  , , , 0.143601851852, 100.0, 
0, 4, 0.0, 9, 0.248, -0.101, -2, 0.231, -0.112, -42, 0.104, -0.123, -73, 0.245, -0.127, -36, 0.046, -0.119, -51, 0.226, 0.121, 86, 0.246, 0.137, 62, 0.213, -0.141, -89, 0.218, -0.12, -56,  , , , -1.0, 42.6597440352, 
0, 5, 1.75906435796, 3, 0.218, -0.114, -63, 0.234, -0.104, -63, 0.128, 0.11, 50,  , , ,  , , ,  , , ,  , , ,  , , ,  , , ,  , , , -1.0, 63.066377833, 
0, 6, 4.48362941049, 3, 0.076, -0.146, -46, 0.239, 0.126, 60, 0.112, -0.14, -75,  , , ,  , , ,  , , ,  , , ,  , , ,  , , ,  , , , 0.176277777778, 100.0, 
0, 7, 2.52932957236, 1, 0.246, 0.102, 21,  , , ,  , , ,  , , ,  , , ,  , , ,  , , ,  , , ,  , , ,  , , , -1.0, 68.206110839, 
0, 8, 4.09772179021, 4, 0.066, -0.129, -79, 0.247, -0.132, -75, 0.112, -0.146, -61, 0.2, 0.1, 13,  , , ,  , , ,  , , ,  , , ,  , , ,  , , , 0.139175925926, 100.0, 
0, 9, 0.761491929916, 9, 0.08, 0.121, 66, 0.004, -0.132, -61, 0.072, -0.143, -85, 0.178, 0.118, 56, 0.21, -0.136, -16, 0.207, -0.1, -64, 0.092, 0.12, 66, 0.176, -0.118, -66, 0.05, -0.108, -86,  , , , -3.0, 86.0508513798, 
0, 10, 1.93199211423, 5, 0.08, -0.133, -63, 0.203, 0.118, 23, 0.245, 0.103, 18, 0.207, -0.112, -7, 0.02, -0.126, -70,  , , ,  , , ,  , , ,  , , ,  , , , -3.0, 85.2563659968, 
0, 11, 1.1086746775, 5, 0.223, 0.125, 37, 0.202, -0.113, -84, 0.217, -0.106, -84, 0.233, 0.138, 71, 0.182, -0.13, -45,  , , ,  , , ,  , , ,  , , ,  , , , -1.0, 61.513921304, 
0, 12, 0.581962434424, 5, 0.156, 0.106, 74, 0.201, 0.109, 83, 0.24, -0.101, -62, 0.234, -0.105, -94, 0.01, -0.123, -77,  , , ,  , , ,  , , ,  , , ,  , , , -1.0, 44.2900701512, 
0, 13, 2.71856922359, 9, 0.122, -0.139, -59, 0.184, 0.11, 64, 0.036, 0.122, 40, 0.241, 0.138, 98, 0.205, 0.098, -19, 0.052, -0.107, -68, 0.213, -0.015, 18, 0.218, -0.003, -26, 0.248, -0.117, -19,  , , , 0.191037037037, 100.0, 
0, 14, 5.20755195688, 1, 0.245, -0.102, -59,  , , ,  , , ,  , , ,  , , ,  , , ,  , , ,  , , ,  , , ,  , , , 0.227824074074, 100.0, 
0, 15, 0.0, 9, 0.026, 0.13, 61, 0.156, -0.124, -70, 0.152, 0.128, 40, 0.146, 0.122, 46, 0.226, 0.065, 26, 0.14, 0.117, 63, 0.238, -0.137, -6, 0.241, 0.1, 9, 0.192, 0.125, 86,  , , , -1.0, 43.6482948945, 
0, 16, 0.0, 9, 0.2, -0.111, -57, 0.182, 0.139, 87, 0.132, -0.108, -80, 0.194, -0.142, -66, 0.217, -0.005, 19, 0.106, 0.106, 53, 0.215, 0.098, 3, 0.234, -0.067, 4, 0.136, 0.134, 59,  , , , -1.0, 44.3414024066, 
0, 17, 1.12196623659, 5, 0.241, 0.12, 32, 0.066, 0.111, 87, 0.024, -0.145, -44, 0.006, -0.116, -89, 0.222, 0.01, 6,  , , ,  , , ,  , , ,  , , ,  , , , -3.0, 61.9248664225, 
0, 18, 0.0, 9, 0.108, -0.13, -65, 0.201, 0.135, 93, 0.217, -0.143, -76, 0.118, -0.12, -59, 0.249, 0.113, 28, 0.17, 0.102, 61, 0.203, -0.1, -59, 0.227, -0.135, -13, 0.226, 0.027, 29,  , , , -1.0, 42.6207502257, 
0, 19, 0.0, 9, 0.198, -0.123, -71, 0.245, -0.105, -56, 0.02, -0.138, -66, 0.247, -0.04, -5, 0.211, 0.122, 37, 0.241, -0.136, -70, 0.082, -0.127, -66, 0.13, -0.133, -59, 0.237, 0.113, 46,  , , , -1.0, 42.426874644, 
0, 20, 1.30375026281, 7, 0.06, 0.141, 62, 0.232, 0.148, 52, 0.094, -0.121, -49, 0.208, -0.027, -16, 0.206, -0.138, -85, 0.213, 0.07, -18, 0.03, 0.103, 82,  , , ,  , , ,  , , , -3.0, 84.4925543975, 
0, 21, 2.34065779975, 1, 0.112, 0.123, 59,  , , ,  , , ,  , , ,  , , ,  , , ,  , , ,  , , ,  , , ,  , , , -3.0, 62.5010092201, 
0, 22, 0.875712157307, 4, 0.108, -0.106, -65, 0.201, -0.125, -15, 0.2, 0.123, 20, 0.02, -0.113, -79,  , , ,  , , ,  , , ,  , , ,  , , ,  , , , -1.0, 44.0733201293, 
0, 23, 0.558975630426, 7, 0.074, 0.114, 40, 0.006, 0.124, 61, 0.008, 0.104, 57, 0.056, 0.102, 74, 0.25, -0.098, -28, 0.162, 0.128, 70, 0.237, -0.13, -72,  , , ,  , , ,  , , , -1.0, 63.0636572148, 
0, 24, 0.0, 9, 0.212, -0.003, -1, 0.154, -0.113, -88, 0.227, 0.124, 76, 0.216, -0.108, -60, 0.12, 0.145, 62, 0.247, -0.107, -16, 0.225, 0.038, -4, 0.124, 0.106, 74, 0.208, 0.146, 17,  , , , -1.0, 42.6569667239, 
0, 25, 0.773466232805, 5, 0.226, 0.128, 97, 0.238, 0.136, 14, 0.204, -0.136, -72, 0.194, -0.117, -56, 0.225, -0.136, -82,  , , ,  , , ,  , , ,  , , ,  , , , -1.0, 50.7801788302, 
0, 26, 2.84789586043, 8, 0.072, 0.135, 58, 0.213, -0.045, 13, 0.207, -0.149, -84, 0.072, 0.141, 58, 0.012, -0.136, -57, 0.068, -0.14, -83, 0.214, -0.124, -25, 0.134, -0.115, -70,  , , ,  , , , 0.117092592593, 100.0, 
0, 27, 1.46648824022, 2, 0.228, -0.136, -99, 0.231, -0.113, -79,  , , ,  , , ,  , , ,  , , ,  , , ,  , , ,  , , ,  , , , -1.0, 43.7528518056, 
0, 28, 0.0, 9, 0.208, 0.02, -6, 0.217, -0.057, -2, 0.249, -0.144, -89, 0.211, -0.13, -18, 0.25, -0.022, -28, 0.056, 0.148, 61, 0.086, -0.131, -61, 0.217, 0.108, 0, 0.008, -0.144, -49,  , , , -3.0, 42.917977698, 
0, 29, 0.556873966211, 5, 0.106, 0.132, 51, 0.07, 0.118, 77, 0.201, 0.15, 38, 0.078, 0.117, 88, 0.098, -0.107, -43,  , , ,  , , ,  , , ,  , , ,  , , , -1.0, 43.4180590515, 
1, 14, 5.20755195688, 1, 0.245, -0.102, -59,  , , ,  , , ,  , , ,  , , ,  , , ,  , , ,  , , ,  , , ,  , , , 0.227824074074, 100.0, 
1, 27, 1.46648824022, 2, 0.228, -0.136, -99, 0.231, -0.113, -79,  , , ,  , , ,  , , ,  , , ,  , , ,  , , ,  , , ,  , , , -1.0, 43.7528518056, 
1, 27, 1.46648824022, 2, 0.228, -0.136, -99, 0.231, -0.113, -79,  , , ,  , , ,  , , ,  , , ,  , , ,  , , ,  , , ,  , , , -1.0, 43.7528518056, 
1, 7, 2.52932957236, 1, 0.246, 0.102, 21,  , , ,  , , ,  , , ,  , , ,  , , ,  , , ,  , , ,  , , ,  , , , -1.0, 68.206110839, 
1, 26, 2.84789586043, 8, 0.072, 0.135, 58, 0.213, -0.045, 13, 0.207, -0.149, -84, 0.072, 0.141, 58, 0.012, -0.136, -57, 0.068, -0.14, -83, 0.214, -0.124, -25, 0.134, -0.115, -70,  , , ,  , , , 0.117092592593, 100.0, 
1, 0, 0.0, 9, 0.211, -0.137, -7, 0.245, 0.133, 72, 0.241, -0.116, -34, 0.04, 0.116, 42, 0.05, -0.133, -51, 0.204, 0.137, 74, 0.06, -0.136, -56, 0.074, 0.137, 84, 0.216, 0.043, 18,  , , , -3.0, 42.9916593178, 
1, 20, 1.30375026281, 7, 0.06, 0.141, 62, 0.232, 0.148, 52, 0.094, -0.121, -49, 0.208, -0.027, -16, 0.206, -0.138, -85, 0.213, 0.07, -18, 0.03, 0.103, 82,  , , ,  , , ,  , , , -3.0, 84.4925543975, 
1, 3, 2.90782519556, 8, 0.038, 0.13, 75, 0.116, 0.126, 83, 0.162, -0.144, -80, 0.227, 0.139, 55, 0.204, 0.133, 7, 0.086, 0.104, 44, 0.16, -0.109, -79, 0.068, -0.127, -75,  , , ,  , , , 0.143601851852, 100.0, 
1, 5, 1.75906435796, 3, 0.218, -0.114, -63, 0.234, -0.104, -63, 0.128, 0.11, 50,  , , ,  , , ,  , , ,  , , ,  , , ,  , , ,  , , , -1.0, 63.066377833, 
1, 13, 2.71856922359, 9, 0.122, -0.139, -59, 0.184, 0.11, 64, 0.036, 0.122, 40, 0.241, 0.138, 98, 0.205, 0.098, -19, 0.052, -0.107, -68, 0.213, -0.015, 18, 0.218, -0.003, -26, 0.248, -0.117, -19,  , , , 0.191037037037, 100.0, 
1, 13, 2.71856922359, 9, 0.122, -0.139, -59, 0.184, 0.11, 64, 0.036, 0.122, 40, 0.241, 0.138, 98, 0.205, 0.098, -19, 0.052, -0.107, -68, 0.213, -0.015, 18, 0.218, -0.003, -26, 0.248, -0.117, -19,  , , , 0.191037037037, 100.0, 
1, 29, 0.556873966211, 5, 0.106, 0.132, 51, 0.07, 0.118, 77, 0.201, 0.15, 38, 0.078, 0.117, 88, 0.098, -0.107, -43,  , , ,  , , ,  , , ,  , , ,  , , , -1.0, 43.4180590515, 
1, 17, 1.12196623659, 5, 0.241, 0.12, 32, 0.066, 0.111, 87, 0.024, -0.145, -44, 0.006, -0.116, -89, 0.222, 0.01, 6,  , , ,  , , ,  , , ,  , , ,  , , , -3.0, 61.9248664225, 
1, 27, 1.46648824022, 2, 0.228, -0.136, -99, 0.231, -0.113, -79,  , , ,  , , ,  , , ,  , , ,  , , ,  , , ,  , , ,  , , , -1.0, 43.7528518056, 
1, 14, 5.20755195688, 1, 0.245, -0.102, -59,  , , ,  , , ,  , , ,  , , ,  , , ,  , , ,  , , ,  , , ,  , , , 0.227824074074, 100.0, 
1, 14, 5.20755195688, 1, 0.245, -0.102, -59,  , , ,  , , ,  , , ,  , , ,  , , ,  , , ,  , , ,  , , ,  , , , 0.227824074074, 100.0, 
1, 8, 4.09772179021, 4, 0.066, -0.129, -79, 0.247, -0.132, -75, 0.112, -0.146, -61, 0.2, 0.1, 13,  , , ,  , , ,  , , ,  , , ,  , , ,  , , , 0.139175925926, 100.0, 
1, 6, 4.48362941049, 3, 0.076, -0.146, -46, 0.239, 0.126, 60, 0.112, -0.14, -75,  , , ,  , , ,  , , ,  , , ,  , , ,  , , ,  , , , 0.176277777778, 100.0, 
1, 10, 1.93199211423, 5, 0.08, -0.133, -63, 0.203, 0.118, 23, 0.245, 0.103, 18, 0.207, -0.112, -7, 0.02, -0.126, -70,  , , ,  , , ,  , , ,  , , ,  , , , -3.0, 85.2563659968, 
1, 23, 0.558975630426, 7, 0.074, 0.114, 40, 0.006, 0.124, 61, 0.008, 0.104, 57, 0.056, 0.102, 74, 0.25, -0.098, -28, 0.162, 0.128, 70, 0.237, -0.13, -72,  , , ,  , , ,  , , , -1.0, 63.0636572148, 
1, 22, 0.875712157307, 4, 0.108, -0.106, -65, 0.201, -0.125, -15, 0.2, 0.123, 20, 0.02, -0.113, -79,  , , ,  , , ,  , , ,  , , ,  , , ,  , , , -1.0, 44.0733201293, 
1, 21, 2.34065779975, 1, 0.112, 0.123, 59,  , , ,  , , ,  , , ,  , , ,  , , ,  , , ,  , , ,  , , ,  , , , -3.0, 62.5010092201, 
1, 1, 1.96833062554, 1, 0.066, 0.116, 72,  , , ,  , , ,  , , ,  , , ,  , , ,  , , ,  , , ,  , , ,  , , , -1.0, 50.6097814069, 
1, 29, 0.556873966211, 5, 0.106, 0.132, 51, 0.07, 0.118, 77, 0.201, 0.15, 38, 0.078, 0.117, 88, 0.098, -0.107, -43,  , , ,  , , ,  , , ,  , , ,  , , , -1.0, 43.4180590515, 
1, 25, 0.773466232805, 5, 0.226, 0.128, 97, 0.238, 0.136, 14, 0.204, -0.136, -72, 0.194, -0.117, -56, 0.225, -0.136, -82,  , , ,  , , ,  , , ,  , , ,  , , , -1.0, 50.7801788302, 
1, 10, 1.93199211423, 5, 0.08, -0.133, -63, 0.203, 0.118, 23, 0.245, 0.103, 18, 0.207, -0.112, -7, 0.02, -0.126, -70,  , , ,  , , ,  , , ,  , , ,  , , , -3.0, 85.2563659968, 
1, 23, 0.558975630426, 7, 0.074, 0.114, 40, 0.006, 0.124, 61, 0.008, 0.104, 57, 0.056, 0.102, 74, 0.25, -0.098, -28, 0.162, 0.128, 70, 0.237, -0.13, -72,  , , ,  , , ,  , , , -1.0, 63.0636572148, 
1, 17, 1.12196623659, 5, 0.241, 0.12, 32, 0.066, 0.111, 87, 0.024, -0.145, -44, 0.006, -0.116, -89, 0.222, 0.01, 6,  , , ,  , , ,  , , ,  , , ,  , , , -3.0, 61.9248664225, 
1, 14, 5.20755195688, 1, 0.245, -0.102, -59,  , , ,  , , ,  , , ,  , , ,  , , ,  , , ,  , , ,  , , ,  , , , 0.227824074074, 100.0, 
1, 21, 2.34065779975, 1, 0.112, 0.123, 59,  , , ,  , , ,  , , ,  , , ,  , , ,  , , ,  , , ,  , , ,  , , , -3.0, 62.5010092201, 
2, 39, 1.21705250368, 1, 0.241, 0.12, 32,  , , ,  , , ,  , , ,  , , ,  , , ,  , , ,  , , ,  , , ,  , , , -1.0, 23.1686852931, 
2, 26, 2.84789586043, 8, 0.072, 0.135, 58, 0.213, -0.045, 13, 0.207, -0.149, -84, 0.072, 0.141, 58, 0.012, -0.136, -57, 0.068, -0.14, -83, 0.214, -0.124, -25, 0.134, -0.115, -70,  , , ,  , , , 0.117092592593, 100.0, 
2, 13, 2.71856922359, 9, 0.122, -0.139, -59, 0.184, 0.11, 64, 0.036, 0.122, 40, 0.241, 0.138, 98, 0.205, 0.098, -19, 0.052, -0.107, -68, 0.213, -0.015, 18, 0.218, -0.003, -26, 0.248, -0.117, -19,  , , , 0.191037037037, 100.0, 
2, 40, 0.0172337430583, 5, 0.066, 0.116, 72, 0.066, 0.111, 87, 0.024, -0.145, -44, 0.006, -0.116, -89, 0.222, 0.01, 6,  , , ,  , , ,  , , ,  , , ,  , , , -1.0, 23.1760424376, 
2, 7, 2.52932957236, 1, 0.246, 0.102, 21,  , , ,  , , ,  , , ,  , , ,  , , ,  , , ,  , , ,  , , ,  , , , -1.0, 68.206110839, 
2, 14, 5.20755195688, 1, 0.245, -0.102, -59,  , , ,  , , ,  , , ,  , , ,  , , ,  , , ,  , , ,  , , ,  , , , 0.227824074074, 100.0, 
2, 29, 0.556873966211, 5, 0.106, 0.132, 51, 0.07, 0.118, 77, 0.201, 0.15, 38, 0.078, 0.117, 88, 0.098, -0.107, -43,  , , ,  , , ,  , , ,  , , ,  , , , -1.0, 43.4180590515, 
2, 23, 0.558975630426, 7, 0.074, 0.114, 40, 0.006, 0.124, 61, 0.008, 0.104, 57, 0.056, 0.102, 74, 0.25, -0.098, -28, 0.162, 0.128, 70, 0.237, -0.13, -72,  , , ,  , , ,  , , , -1.0, 63.0636572148, 
2, 7, 2.52932957236, 1, 0.246, 0.102, 21,  , , ,  , , ,  , , ,  , , ,  , , ,  , , ,  , , ,  , , ,  , , , -1.0, 68.206110839, 
2, 35, 0.925018050244, 2, 0.245, -0.102, -59, 0.235, -0.132, 32,  , , ,  , , ,  , , ,  , , ,  , , ,  , , ,  , , ,  , , , -1.0, 23.4916211832, 
2, 5, 1.75906435796, 3, 0.218, -0.114, -63, 0.234, -0.104, -63, 0.128, 0.11, 50,  , , ,  , , ,  , , ,  , , ,  , , ,  , , ,  , , , -1.0, 63.066377833, 
2, 8, 4.09772179021, 4, 0.066, -0.129, -79, 0.247, -0.132, -75, 0.112, -0.146, -61, 0.2, 0.1, 13,  , , ,  , , ,  , , ,  , , ,  , , ,  , , , 0.139175925926, 100.0, 
2, 8, 4.09772179021, 4, 0.066, -0.129, -79, 0.247, -0.132, -75, 0.112, -0.146, -61, 0.2, 0.1, 13,  , , ,  , , ,  , , ,  , , ,  , , ,  , , , 0.139175925926, 100.0, 
2, 7, 2.52932957236, 1, 0.246, 0.102, 21,  , , ,  , , ,  , , ,  , , ,  , , ,  , , ,  , , ,  , , ,  , , , -1.0, 68.206110839, 
2, 27, 1.46648824022, 2, 0.228, -0.136, -99, 0.231, -0.113, -79,  , , ,  , , ,  , , ,  , , ,  , , ,  , , ,  , , ,  , , , -1.0, 43.7528518056, 
2, 13, 2.71856922359, 9, 0.122, -0.139, -59, 0.184, 0.11, 64, 0.036, 0.122, 40, 0.241, 0.138, 98, 0.205, 0.098, -19, 0.052, -0.107, -68, 0.213, -0.015, 18, 0.218, -0.003, -26, 0.248, -0.117, -19,  , , , 0.191037037037, 100.0, 
2, 1, 1.96833062554, 1, 0.066, 0.116, 72,  , , ,  , , ,  , , ,  , , ,  , , ,  , , ,  , , ,  , , ,  , , , -1.0, 50.6097814069, 
2, 29, 0.556873966211, 5, 0.106, 0.132, 51, 0.07, 0.118, 77, 0.201, 0.15, 38, 0.078, 0.117, 88, 0.098, -0.107, -43,  , , ,  , , ,  , , ,  , , ,  , , , -1.0, 43.4180590515, 
2, 23, 0.558975630426, 7, 0.074, 0.114, 40, 0.006, 0.124, 61, 0.008, 0.104, 57, 0.056, 0.102, 74, 0.25, -0.098, -28, 0.162, 0.128, 70, 0.237, -0.13, -72,  , , ,  , , ,  , , , -1.0, 63.0636572148, 
2, 14, 5.20755195688, 1, 0.245, -0.102, -59,  , , ,  , , ,  , , ,  , , ,  , , ,  , , ,  , , ,  , , ,  , , , 0.227824074074, 100.0, 
2, 27, 1.46648824022, 2, 0.228, -0.136, -99, 0.231, -0.113, -79,  , , ,  , , ,  , , ,  , , ,  , , ,  , , ,  , , ,  , , , -1.0, 43.7528518056, 
2, 26, 2.84789586043, 8, 0.072, 0.135, 58, 0.213, -0.045, 13, 0.207, -0.149, -84, 0.072, 0.141, 58, 0.012, -0.136, -57, 0.068, -0.14, -83, 0.214, -0.124, -25, 0.134, -0.115, -70,  , , ,  , , , 0.117092592593, 100.0, 
2, 10, 1.93199211423, 5, 0.08, -0.133, -63, 0.203, 0.118, 23, 0.245, 0.103, 18, 0.207, -0.112, -7, 0.02, -0.126, -70,  , , ,  , , ,  , , ,  , , ,  , , , -3.0, 85.2563659968, 
2, 20, 1.30375026281, 7, 0.06, 0.141, 62, 0.232, 0.148, 52, 0.094, -0.121, -49, 0.208, -0.027, -16, 0.206, -0.138, -85, 0.213, 0.07, -18, 0.03, 0.103, 82,  , , ,  , , ,  , , , -3.0, 84.4925543975, 
2, 13, 2.71856922359, 9, 0.122, -0.139, -59, 0.184, 0.11, 64, 0.036, 0.122, 40, 0.241, 0.138, 98, 0.205, 0.098, -19, 0.052, -0.107, -68, 0.213, -0.015, 18, 0.218, -0.003, -26, 0.248, -0.117, -19,  , , , 0.191037037037, 100.0, 
2, 37, 0.832744425071, 4, 0.018, 0.132, 51, 0.07, 0.118, 77, 0.201, 0.15, 38, 0.02, -0.113, -79,  , , ,  , , ,  , , ,  , , ,  , , ,  , , , -3.0, 42.5743463976, 
2, 10, 1.93199211423, 5, 0.08, -0.133, -63, 0.203, 0.118, 23, 0.245, 0.103, 18, 0.207, -0.112, -7, 0.02, -0.126, -70,  , , ,  , , ,  , , ,  , , ,  , , , -3.0, 85.2563659968, 
2, 5, 1.75906435796, 3, 0.218, -0.114, -63, 0.234, -0.104, -63, 0.128, 0.11, 50,  , , ,  , , ,  , , ,  , , ,  , , ,  , , ,  , , , -1.0, 63.066377833, 
2, 13, 2.71856922359, 9, 0.122, -0.139, -59, 0.184, 0.11, 64, 0.036, 0.122, 40, 0.241, 0.138, 98, 0.205, 0.098, -19, 0.052, -0.107, -68, 0.213, -0.015, 18, 0.218, -0.003, -26, 0.248, -0.117, -19,  , , , 0.191037037037, 100.0, 
2, 14, 5.20755195688, 1, 0.245, -0.102, -59,  , , ,  , , ,  , , ,  , , ,  , , ,  , , ,  , , ,  , , ,  , , , 0.227824074074, 100.0, 
3, 49, 4.79609541161, 2, 0.245, -0.102, -59, 0.231, -0.113, -79,  , , ,  , , ,  , , ,  , , ,  , , ,  , , ,  , , ,  , , , 0.181564814815, 100.0, 
3, 26, 2.84789586043, 8, 0.072, 0.135, 58, 0.213, -0.045, 13, 0.207, -0.149, -84, 0.072, 0.141, 58, 0.012, -0.136, -57, 0.068, -0.14, -83, 0.214, -0.124, -25, 0.134, -0.115, -70,  , , ,  , , , 0.117092592593, 100.0, 
3, 8, 4.09772179021, 4, 0.066, -0.129, -79, 0.247, -0.132, -75, 0.112, -0.146, -61, 0.2, 0.1, 13,  , , ,  , , ,  , , ,  , , ,  , , ,  , , , 0.139175925926, 100.0, 
3, 13, 2.71856922359, 9, 0.122, -0.139, -59, 0.184, 0.11, 64, 0.036, 0.122, 40, 0.241, 0.138, 98, 0.205, 0.098, -19, 0.052, -0.107, -68, 0.213, -0.015, 18, 0.218, -0.003, -26, 0.248, -0.117, -19,  , , , 0.191037037037, 100.0, 
3, 13, 2.71856922359, 9, 0.122, -0.139, -59, 0.184, 0.11, 64, 0.036, 0.122, 40, 0.241, 0.138, 98, 0.205, 0.098, -19, 0.052, -0.107, -68, 0.213, -0.015, 18, 0.218, -0.003, -26, 0.248, -0.117, -19,  , , , 0.191037037037, 100.0, 
3, 13, 2.71856922359, 9, 0.122, -0.139, -59, 0.184, 0.11, 64, 0.036, 0.122, 40, 0.241, 0.138, 98, 0.205, 0.098, -19, 0.052, -0.107, -68, 0.213, -0.015, 18, 0.218, -0.003, -26, 0.248, -0.117, -19,  , , , 0.191037037037, 100.0, 
3, 26, 2.84789586043, 8, 0.072, 0.135, 58, 0.213, -0.045, 13, 0.207, -0.149, -84, 0.072, 0.141, 58, 0.012, -0.136, -57, 0.068, -0.14, -83, 0.214, -0.124, -25, 0.134, -0.115, -70,  , , ,  , , , 0.117092592593, 100.0, 
3, 7, 2.52932957236, 1, 0.246, 0.102, 21,  , , ,  , , ,  , , ,  , , ,  , , ,  , , ,  , , ,  , , ,  , , , -1.0, 68.206110839, 
3, 52, 2.93875613177, 8, 0.122, -0.139, -59, 0.184, 0.11, 64, 0.008, 0.104, 57, 0.056, 0.102, 74, 0.25, -0.098, -28, 0.162, 0.128, 70, 0.237, -0.13, -72, 0.239, -0.033, 11,  , , ,  , , , 0.157046296296, 100.0, 
3, 52, 2.93875613177, 8, 0.122, -0.139, -59, 0.184, 0.11, 64, 0.008, 0.104, 57, 0.056, 0.102, 74, 0.25, -0.098, -28, 0.162, 0.128, 70, 0.237, -0.13, -72, 0.239, -0.033, 11,  , , ,  , , , 0.157046296296, 100.0, 
3, 14, 5.20755195688, 1, 0.245, -0.102, -59,  , , ,  , , ,  , , ,  , , ,  , , ,  , , ,  , , ,  , , ,  , , , 0.227824074074, 100.0, 
3, 46, 1.97185372698, 1, 0.072, 0.135, -49,  , , ,  , , ,  , , ,  , , ,  , , ,  , , ,  , , ,  , , ,  , , , -1.0, 50.7266972696, 
3, 13, 2.71856922359, 9, 0.122, -0.139, -59, 0.184, 0.11, 64, 0.036, 0.122, 40, 0.241, 0.138, 98, 0.205, 0.098, -19, 0.052, -0.107, -68, 0.213, -0.015, 18, 0.218, -0.003, -26, 0.248, -0.117, -19,  , , , 0.191037037037, 100.0, 
3, 46, 1.97185372698, 1, 0.072, 0.135, -49,  , , ,  , , ,  , , ,  , , ,  , , ,  , , ,  , , ,  , , ,  , , , -1.0, 50.7266972696, 
3, 26, 2.84789586043, 8, 0.072, 0.135, 58, 0.213, -0.045, 13, 0.207, -0.149, -84, 0.072, 0.141, 58, 0.012, -0.136, -57, 0.068, -0.14, -83, 0.214, -0.124, -25, 0.134, -0.115, -70,  , , ,  , , , 0.117092592593, 100.0, 
3, 7, 2.52932957236, 1, 0.246, 0.102, 21,  , , ,  , , ,  , , ,  , , ,  , , ,  , , ,  , , ,  , , ,  , , , -1.0, 68.206110839, 
3, 27, 1.46648824022, 2, 0.228, -0.136, -99, 0.231, -0.113, -79,  , , ,  , , ,  , , ,  , , ,  , , ,  , , ,  , , ,  , , , -1.0, 43.7528518056, 
3, 53, 2.75070872437, 9, 0.074, 0.114, 40, 0.006, 0.124, 61, 0.036, 0.122, 40, 0.241, 0.138, 98, 0.205, 0.098, -19, 0.052, -0.107, -68, 0.213, -0.015, 18, 0.218, -0.003, -26, 0.248, -0.117, -19,  , , , 0.204453703704, 100.0, 
3, 10, 1.93199211423, 5, 0.08, -0.133, -63, 0.203, 0.118, 23, 0.245, 0.103, 18, 0.207, -0.112, -7, 0.02, -0.126, -70,  , , ,  , , ,  , , ,  , , ,  , , , -3.0, 85.2563659968, 
3, 52, 2.93875613177, 8, 0.122, -0.139, -59, 0.184, 0.11, 64, 0.008, 0.104, 57, 0.056, 0.102, 74, 0.25, -0.098, -28, 0.162, 0.128, 70, 0.237, -0.13, -72, 0.239, -0.033, 11,  , , ,  , , , 0.157046296296, 100.0, 
3, 14, 5.20755195688, 1, 0.245, -0.102, -59,  , , ,  , , ,  , , ,  , , ,  , , ,  , , ,  , , ,  , , ,  , , , 0.227824074074, 100.0, 
3, 7, 2.52932957236, 1, 0.246, 0.102, 21,  , , ,  , , ,  , , ,  , , ,  , , ,  , , ,  , , ,  , , ,  , , , -1.0, 68.206110839, 
3, 13, 2.71856922359, 9, 0.122, -0.139, -59, 0.184, 0.11, 64, 0.036, 0.122, 40, 0.241, 0.138, 98, 0.205, 0.098, -19, 0.052, -0.107, -68, 0.213, -0.015, 18, 0.218, -0.003, -26, 0.248, -0.117, -19,  , , , 0.191037037037, 100.0, 
3, 8, 4.09772179021, 4, 0.066, -0.129, -79, 0.247, -0.132, -75, 0.112, -0.146, -61, 0.2, 0.1, 13,  , , ,  , , ,  , , ,  , , ,  , , ,  , , , 0.139175925926, 100.0, 
3, 29, 0.556873966211, 5, 0.106, 0.132, 51, 0.07, 0.118, 77, 0.201, 0.15, 38, 0.078, 0.117, 88, 0.098, -0.107, -43,  , , ,  , , ,  , , ,  , , ,  , , , -1.0, 43.4180590515, 
3, 49, 4.79609541161, 2, 0.245, -0.102, -59, 0.231, -0.113, -79,  , , ,  , , ,  , , ,  , , ,  , , ,  , , ,  , , ,  , , , 0.181564814815, 100.0, 
3, 43, 1.52600106176, 2, 0.228, -0.136, -99, 0.241, -0.113, -79,  , , ,  , , ,  , , ,  , , ,  , , ,  , , ,  , , ,  , , , -1.0, 45.8081294634, 
3, 7, 2.52932957236, 1, 0.246, 0.102, 21,  , , ,  , , ,  , , ,  , , ,  , , ,  , , ,  , , ,  , , ,  , , , -1.0, 68.206110839, 
3, 26, 2.84789586043, 8, 0.072, 0.135, 58, 0.213, -0.045, 13, 0.207, -0.149, -84, 0.072, 0.141, 58, 0.012, -0.136, -57, 0.068, -0.14, -83, 0.214, -0.124, -25, 0.134, -0.115, -70,  , , ,  , , , 0.117092592593, 100.0, 
3, 26, 2.84789586043, 8, 0.072, 0.135, 58, 0.213, -0.045, 13, 0.207, -0.149, -84, 0.072, 0.141, 58, 0.012, -0.136, -57, 0.068, -0.14, -83, 0.214, -0.124, -25, 0.134, -0.115, -70,  , , ,  , , , 0.117092592593, 100.0, 
4, 63, 1.22802779691, 1, 0.246, 0.102, -100,  , , ,  , , ,  , , ,  , , ,  , , ,  , , ,  , , ,  , , ,  , , , -1.0, 23.6134214763, 
4, 13, 2.71856922359, 9, 0.122, -0.139, -59, 0.184, 0.11, 64, 0.036, 0.122, 40, 0.241, 0.138, 98, 0.205, 0.098, -19, 0.052, -0.107, -68, 0.213, -0.015, 18, 0.218, -0.003, -26, 0.248, -0.117, -19,  , , , 0.191037037037, 100.0, 
4, 8, 4.09772179021, 4, 0.066, -0.129, -79, 0.247, -0.132, -75, 0.112, -0.146, -61, 0.2, 0.1, 13,  , , ,  , , ,  , , ,  , , ,  , , ,  , , , 0.139175925926, 100.0, 
4, 14, 5.20755195688, 1, 0.245, -0.102, -59,  , , ,  , , ,  , , ,  , , ,  , , ,  , , ,  , , ,  , , ,  , , , 0.227824074074, 100.0, 
4, 7, 2.52932957236, 1, 0.246, 0.102, 21,  , , ,  , , ,  , , ,  , , ,  , , ,  , , ,  , , ,  , , ,  , , , -1.0, 68.206110839, 
4, 7, 2.52932957236, 1, 0.246, 0.102, 21,  , , ,  , , ,  , , ,  , , ,  , , ,  , , ,  , , ,  , , ,  , , , -1.0, 68.206110839, 
4, 52, 2.93875613177, 8, 0.122, -0.139, -59, 0.184, 0.11, 64, 0.008, 0.104, 57, 0.056, 0.102, 74, 0.25, -0.098, -28, 0.162, 0.128, 70, 0.237, -0.13, -72, 0.239, -0.033, 11,  , , ,  , , , 0.157046296296, 100.0, 
4, 14, 5.20755195688, 1, 0.245, -0.102, -59,  , , ,  , , ,  , , ,  , , ,  , , ,  , , ,  , , ,  , , ,  , , , 0.227824074074, 100.0, 
4, 26, 2.84789586043, 8, 0.072, 0.135, 58, 0.213, -0.045, 13, 0.207, -0.149, -84, 0.072, 0.141, 58, 0.012, -0.136, -57, 0.068, -0.14, -83, 0.214, -0.124, -25, 0.134, -0.115, -70,  , , ,  , , , 0.117092592593, 100.0, 
4, 46, 1.97185372698, 1, 0.072, 0.135, -49,  , , ,  , , ,  , , ,  , , ,  , , ,  , , ,  , , ,  , , ,  , , , -1.0, 50.7266972696, 
4, 7, 2.52932957236, 1, 0.246, 0.102, 21,  , , ,  , , ,  , , ,  , , ,  , , ,  , , ,  , , ,  , , ,  , , , -1.0, 68.206110839, 
4, 26, 2.84789586043, 8, 0.072, 0.135, 58, 0.213, -0.045, 13, 0.207, -0.149, -84, 0.072, 0.141, 58, 0.012, -0.136, -57, 0.068, -0.14, -83, 0.214, -0.124, -25, 0.134, -0.115, -70,  , , ,  , , , 0.117092592593, 100.0, 
4, 26, 2.84789586043, 8, 0.072, 0.135, 58, 0.213, -0.045, 13, 0.207, -0.149, -84, 0.072, 0.141, 58, 0.012, -0.136, -57, 0.068, -0.14, -83, 0.214, -0.124, -25, 0.134, -0.115, -70,  , , ,  , , , 0.117092592593, 100.0, 
4, 7, 2.52932957236, 1, 0.246, 0.102, 21,  , , ,  , , ,  , , ,  , , ,  , , ,  , , ,  , , ,  , , ,  , , , -1.0, 68.206110839, 
4, 53, 2.75070872437, 9, 0.074, 0.114, 40, 0.006, 0.124, 61, 0.036, 0.122, 40, 0.241, 0.138, 98, 0.205, 0.098, -19, 0.052, -0.107, -68, 0.213, -0.015, 18, 0.218, -0.003, -26, 0.248, -0.117, -19,  , , , 0.204453703704, 100.0, 
4, 52, 2.93875613177, 8, 0.122, -0.139, -59, 0.184, 0.11, 64, 0.008, 0.104, 57, 0.056, 0.102, 74, 0.25, -0.098, -28, 0.162, 0.128, 70, 0.237, -0.13, -72, 0.239, -0.033, 11,  , , ,  , , , 0.157046296296, 100.0, 
4, 14, 5.20755195688, 1, 0.245, -0.102, -59,  , , ,  , , ,  , , ,  , , ,  , , ,  , , ,  , , ,  , , ,  , , , 0.227824074074, 100.0, 
4, 26, 2.84789586043, 8, 0.072, 0.135, 58, 0.213, -0.045, 13, 0.207, -0.149, -84, 0.072, 0.141, 58, 0.012, -0.136, -57, 0.068, -0.14, -83, 0.214, -0.124, -25, 0.134, -0.115, -70,  , , ,  , , , 0.117092592593, 100.0, 
4, 52, 2.93875613177, 8, 0.122, -0.139, -59, 0.184, 0.11, 64, 0.008, 0.104, 57, 0.056, 0.102, 74, 0.25, -0.098, -28, 0.162, 0.128, 70, 0.237, -0.13, -72, 0.239, -0.033, 11,  , , ,  , , , 0.157046296296, 100.0, 
4, 13, 2.71856922359, 9, 0.122, -0.139, -59, 0.184, 0.11, 64, 0.036, 0.122, 40, 0.241, 0.138, 98, 0.205, 0.098, -19, 0.052, -0.107, -68, 0.213, -0.015, 18, 0.218, -0.003, -26, 0.248, -0.117, -19,  , , , 0.191037037037, 100.0, 
4, 43, 1.52600106176, 2, 0.228, -0.136, -99, 0.241, -0.113, -79,  , , ,  , , ,  , , ,  , , ,  , , ,  , , ,  , , ,  , , , -1.0, 45.8081294634, 
4, 8, 4.09772179021, 4, 0.066, -0.129, -79, 0.247, -0.132, -75, 0.112, -0.146, -61, 0.2, 0.1, 13,  , , ,  , , ,  , , ,  , , ,  , , ,  , , , 0.139175925926, 100.0, 
4, 49, 4.79609541161, 2, 0.245, -0.102, -59, 0.231, -0.113, -79,  , , ,  , , ,  , , ,  , , ,  , , ,  , , ,  , , ,  , , , 0.181564814815, 100.0, 
4, 7, 2.52932957236, 1, 0.246, 0.102, 21,  , , ,  , , ,  , , ,  , , ,  , , ,  , , ,  , , ,  , , ,  , , , -1.0, 68.206110839, 
4, 8, 4.09772179021, 4, 0.066, -0.129, -79, 0.247, -0.132, -75, 0.112, -0.146, -61, 0.2, 0.1, 13,  , , ,  , , ,  , , ,  , , ,  , , ,  , , , 0.139175925926, 100.0, 
4, 46, 1.97185372698, 1, 0.072, 0.135, -49,  , , ,  , , ,  , , ,  , , ,  , , ,  , , ,  , , ,  , , ,  , , , -1.0, 50.7266972696, 
4, 26, 2.84789586043, 8, 0.072, 0.135, 58, 0.213, -0.045, 13, 0.207, -0.149, -84, 0.072, 0.141, 58, 0.012, -0.136, -57, 0.068, -0.14, -83, 0.214, -0.124, -25, 0.134, -0.115, -70,  , , ,  , , , 0.117092592593, 100.0, 
4, 8, 4.09772179021, 4, 0.066, -0.129, -79, 0.247, -0.132, -75, 0.112, -0.146, -61, 0.2, 0.1, 13,  , , ,  , , ,  , , ,  , , ,  , , ,  , , , 0.139175925926, 100.0, 
4, 52, 2.93875613177, 8, 0.122, -0.139, -59, 0.184, 0.11, 64, 0.008, 0.104, 57, 0.056, 0.102, 74, 0.25, -0.098, -28, 0.162, 0.128, 70, 0.237, -0.13, -72, 0.239, -0.033, 11,  , , ,  , , , 0.157046296296, 100.0, 
4, 43, 1.52600106176, 2, 0.228, -0.136, -99, 0.241, -0.113, -79,  , , ,  , , ,  , , ,  , , ,  , , ,  , , ,  , , ,  , , , -1.0, 45.8081294634, 
5, 65, 4.1589730625, 4, 0.066, -0.129, -79, 0.247, -0.132, -75, 0.114, -0.146, -61, 0.2, 0.1, 13,  , , ,  , , ,  , , ,  , , ,  , , ,  , , , 0.16575, 100.0, 
5, 8, 4.09772179021, 4, 0.066, -0.129, -79, 0.247, -0.132, -75, 0.112, -0.146, -61, 0.2, 0.1, 13,  , , ,  , , ,  , , ,  , , ,  , , ,  , , , 0.139175925926, 100.0, 
5, 7, 2.52932957236, 1, 0.246, 0.102, 21,  , , ,  , , ,  , , ,  , , ,  , , ,  , , ,  , , ,  , , ,  , , , -1.0, 68.206110839, 
5, 14, 5.20755195688, 1, 0.245, -0.102, -59,  , , ,  , , ,  , , ,  , , ,  , , ,  , , ,  , , ,  , , ,  , , , 0.227824074074, 100.0, 
5, 52, 2.93875613177, 8, 0.122, -0.139, -59, 0.184, 0.11, 64, 0.008, 0.104, 57, 0.056, 0.102, 74, 0.25, -0.098, -28, 0.162, 0.128, 70, 0.237, -0.13, -72, 0.239, -0.033, 11,  , , ,  , , , 0.157046296296, 100.0, 
5, 26, 2.84789586043, 8, 0.072, 0.135, 58, 0.213, -0.045, 13, 0.207, -0.149, -84, 0.072, 0.141, 58, 0.012, -0.136, -57, 0.068, -0.14, -83, 0.214, -0.124, -25, 0.134, -0.115, -70,  , , ,  , , , 0.117092592593, 100.0, 
5, 52, 2.93875613177, 8, 0.122, -0.139, -59, 0.184, 0.11, 64, 0.008, 0.104, 57, 0.056, 0.102, 74, 0.25, -0.098, -28, 0.162, 0.128, 70, 0.237, -0.13, -72, 0.239, -0.033, 11,  , , ,  , , , 0.157046296296, 100.0, 
5, 14, 5.20755195688, 1, 0.245, -0.102, -59,  , , ,  , , ,  , , ,  , , ,  , , ,  , , ,  , , ,  , , ,  , , , 0.227824074074, 100.0, 
5, 67, 3.02709570679, 8, 0.213, -0.045, 13, 0.036, 0.122, 40, 0.241, 0.138, 98, 0.205, 0.098, -19, 0.052, -0.107, -68, 0.213, -0.015, 18, 0.218, -0.003, -26, 0.248, -0.117, -19,  , , ,  , , , 0.194611111111, 100.0, 
5, 7, 2.52932957236, 1, 0.246, 0.102, 21,  , , ,  , , ,  , , ,  , , ,  , , ,  , , ,  , , ,  , , ,  , , , -1.0, 68.206110839, 
5, 26, 2.84789586043, 8, 0.072, 0.135, 58, 0.213, -0.045, 13, 0.207, -0.149, -84, 0.072, 0.141, 58, 0.012, -0.136, -57, 0.068, -0.14, -83, 0.214, -0.124, -25, 0.134, -0.115, -70,  , , ,  , , , 0.117092592593, 100.0, 
5, 52, 2.93875613177, 8, 0.122, -0.139, -59, 0.184, 0.11, 64, 0.008, 0.104, 57, 0.056, 0.102, 74, 0.25, -0.098, -28, 0.162, 0.128, 70, 0.237, -0.13, -72, 0.239, -0.033, 11,  , , ,  , , , 0.157046296296, 100.0, 
5, 14, 5.20755195688, 1, 0.245, -0.102, -59,  , , ,  , , ,  , , ,  , , ,  , , ,  , , ,  , , ,  , , ,  , , , 0.227824074074, 100.0, 
5, 8, 4.09772179021, 4, 0.066, -0.129, -79, 0.247, -0.132, -75, 0.112, -0.146, -61, 0.2, 0.1, 13,  , , ,  , , ,  , , ,  , , ,  , , ,  , , , 0.139175925926, 100.0, 
5, 26, 2.84789586043, 8, 0.072, 0.135, 58, 0.213, -0.045, 13, 0.207, -0.149, -84, 0.072, 0.141, 58, 0.012, -0.136, -57, 0.068, -0.14, -83, 0.214, -0.124, -25, 0.134, -0.115, -70,  , , ,  , , , 0.117092592593, 100.0, 
5, 43, 1.52600106176, 2, 0.228, -0.136, -99, 0.241, -0.113, -79,  , , ,  , , ,  , , ,  , , ,  , , ,  , , ,  , , ,  , , , -1.0, 45.8081294634, 
5, 14, 5.20755195688, 1, 0.245, -0.102, -59,  , , ,  , , ,  , , ,  , , ,  , , ,  , , ,  , , ,  , , ,  , , , 0.227824074074, 100.0, 
5, 7, 2.52932957236, 1, 0.246, 0.102, 21,  , , ,  , , ,  , , ,  , , ,  , , ,  , , ,  , , ,  , , ,  , , , -1.0, 68.206110839, 
5, 14, 5.20755195688, 1, 0.245, -0.102, -59,  , , ,  , , ,  , , ,  , , ,  , , ,  , , ,  , , ,  , , ,  , , , 0.227824074074, 100.0, 
5, 72, 2.70806790338, 9, 0.122, -0.139, -59, 0.184, 0.11, 64, 0.036, 0.122, 40, 0.241, 0.138, 98, 0.205, 0.098, -19, 0.052, -0.107, -68, 0.213, -0.015, 18, 0.218, -0.003, -26, 0.248, -0.117, -19,  , , , 0.18662037037, 100.0, 
5, 65, 4.1589730625, 4, 0.066, -0.129, -79, 0.247, -0.132, -75, 0.114, -0.146, -61, 0.2, 0.1, 13,  , , ,  , , ,  , , ,  , , ,  , , ,  , , , 0.16575, 100.0, 
5, 43, 1.52600106176, 2, 0.228, -0.136, -99, 0.241, -0.113, -79,  , , ,  , , ,  , , ,  , , ,  , , ,  , , ,  , , ,  , , , -1.0, 45.8081294634, 
5, 26, 2.84789586043, 8, 0.072, 0.135, 58, 0.213, -0.045, 13, 0.207, -0.149, -84, 0.072, 0.141, 58, 0.012, -0.136, -57, 0.068, -0.14, -83, 0.214, -0.124, -25, 0.134, -0.115, -70,  , , ,  , , , 0.117092592593, 100.0, 
5, 8, 4.09772179021, 4, 0.066, -0.129, -79, 0.247, -0.132, -75, 0.112, -0.146, -61, 0.2, 0.1, 13,  , , ,  , , ,  , , ,  , , ,  , , ,  , , , 0.139175925926, 100.0, 
5, 14, 5.20755195688, 1, 0.245, -0.102, -59,  , , ,  , , ,  , , ,  , , ,  , , ,  , , ,  , , ,  , , ,  , , , 0.227824074074, 100.0, 
5, 67, 3.02709570679, 8, 0.213, -0.045, 13, 0.036, 0.122, 40, 0.241, 0.138, 98, 0.205, 0.098, -19, 0.052, -0.107, -68, 0.213, -0.015, 18, 0.218, -0.003, -26, 0.248, -0.117, -19,  , , ,  , , , 0.194611111111, 100.0, 
5, 8, 4.09772179021, 4, 0.066, -0.129, -79, 0.247, -0.132, -75, 0.112, -0.146, -61, 0.2, 0.1, 13,  , , ,  , , ,  , , ,  , , ,  , , ,  , , , 0.139175925926, 100.0, 
5, 8, 4.09772179021, 4, 0.066, -0.129, -79, 0.247, -0.132, -75, 0.112, -0.146, -61, 0.2, 0.1, 13,  , , ,  , , ,  , , ,  , , ,  , , ,  , , , 0.139175925926, 100.0, 
5, 13, 2.71856922359, 9, 0.122, -0.139, -59, 0.184, 0.11, 64, 0.036, 0.122, 40, 0.241, 0.138, 98, 0.205, 0.098, -19, 0.052, -0.107, -68, 0.213, -0.015, 18, 0.218, -0.003, -26, 0.248, -0.117, -19,  , , , 0.191037037037, 100.0, 
5, 43, 1.52600106176, 2, 0.228, -0.136, -99, 0.241, -0.113, -79,  , , ,  , , ,  , , ,  , , ,  , , ,  , , ,  , , ,  , , , -1.0, 45.8081294634, 
6, 86, 2.85497951609, 2, 0.246, 0.102, 21, 0.241, -0.113, -79,  , , ,  , , ,  , , ,  , , ,  , , ,  , , ,  , , ,  , , , -3.0, 85.8757519445, 
6, 65, 4.1589730625, 4, 0.066, -0.129, -79, 0.247, -0.132, -75, 0.114, -0.146, -61, 0.2, 0.1, 13,  , , ,  , , ,  , , ,  , , ,  , , ,  , , , 0.16575, 100.0, 
6, 14, 5.20755195688, 1, 0.245, -0.102, -59,  , , ,  , , ,  , , ,  , , ,  , , ,  , , ,  , , ,  , , ,  , , , 0.227824074074, 100.0, 
6, 26, 2.84789586043, 8, 0.072, 0.135, 58, 0.213, -0.045, 13, 0.207, -0.149, -84, 0.072, 0.141, 58, 0.012, -0.136, -57, 0.068, -0.14, -83, 0.214, -0.124, -25, 0.134, -0.115, -70,  , , ,  , , , 0.117092592593, 100.0, 
6, 78, 0.617593204568, 3, 0.066, -0.129, -79, 0.247, -0.132, -75, 0.112, -0.146, -61,  , , ,  , , ,  , , ,  , , ,  , , ,  , , ,  , , , -3.0, 23.1906329462, 
6, 86, 2.85497951609, 2, 0.246, 0.102, 21, 0.241, -0.113, -79,  , , ,  , , ,  , , ,  , , ,  , , ,  , , ,  , , ,  , , , -3.0, 85.8757519445, 
6, 7, 2.52932957236, 1, 0.246, 0.102, 21,  , , ,  , , ,  , , ,  , , ,  , , ,  , , ,  , , ,  , , ,  , , , -1.0, 68.206110839, 
6, 13, 2.71856922359, 9, 0.122, -0.139, -59, 0.184, 0.11, 64, 0.036, 0.122, 40, 0.241, 0.138, 98, 0.205, 0.098, -19, 0.052, -0.107, -68, 0.213, -0.015, 18, 0.218, -0.003, -26, 0.248, -0.117, -19,  , , , 0.191037037037, 100.0, 
6, 8, 4.09772179021, 4, 0.066, -0.129, -79, 0.247, -0.132, -75, 0.112, -0.146, -61, 0.2, 0.1, 13,  , , ,  , , ,  , , ,  , , ,  , , ,  , , , 0.139175925926, 100.0, 
6, 65, 4.1589730625, 4, 0.066, -0.129, -79, 0.247, -0.132, -75, 0.114, -0.146, -61, 0.2, 0.1, 13,  , , ,  , , ,  , , ,  , , ,  , , ,  , , , 0.16575, 100.0, 
6, 65, 4.1589730625, 4, 0.066, -0.129, -79, 0.247, -0.132, -75, 0.114, -0.146, -61, 0.2, 0.1, 13,  , , ,  , , ,  , , ,  , , ,  , , ,  , , , 0.16575, 100.0, 
6, 8, 4.09772179021, 4, 0.066, -0.129, -79, 0.247, -0.132, -75, 0.112, -0.146, -61, 0.2, 0.1, 13,  , , ,  , , ,  , , ,  , , ,  , , ,  , , , 0.139175925926, 100.0, 
6, 65, 4.1589730625, 4, 0.066, -0.129, -79, 0.247, -0.132, -75, 0.114, -0.146, -61, 0.2, 0.1, 13,  , , ,  , , ,  , , ,  , , ,  , , ,  , , , 0.16575, 100.0, 
6, 86, 2.85497951609, 2, 0.246, 0.102, 21, 0.241, -0.113, -79,  , , ,  , , ,  , , ,  , , ,  , , ,  , , ,  , , ,  , , , -3.0, 85.8757519445, 
6, 7, 2.52932957236, 1, 0.246, 0.102, 21,  , , ,  , , ,  , , ,  , , ,  , , ,  , , ,  , , ,  , , ,  , , , -1.0, 68.206110839, 
6, 82, 1.21651159473, 1, 0.15, 0.135, 58,  , , ,  , , ,  , , ,  , , ,  , , ,  , , ,  , , ,  , , ,  , , , -1.0, 23.1467252804, 
6, 14, 5.20755195688, 1, 0.245, -0.102, -59,  , , ,  , , ,  , , ,  , , ,  , , ,  , , ,  , , ,  , , ,  , , , 0.227824074074, 100.0, 
6, 67, 3.02709570679, 8, 0.213, -0.045, 13, 0.036, 0.122, 40, 0.241, 0.138, 98, 0.205, 0.098, -19, 0.052, -0.107, -68, 0.213, -0.015, 18, 0.218, -0.003, -26, 0.248, -0.117, -19,  , , ,  , , , 0.194611111111, 100.0, 
6, 52, 2.93875613177, 8, 0.122, -0.139, -59, 0.184, 0.11, 64, 0.008, 0.104, 57, 0.056, 0.102, 74, 0.25, -0.098, -28, 0.162, 0.128, 70, 0.237, -0.13, -72, 0.239, -0.033, 11,  , , ,  , , , 0.157046296296, 100.0, 
6, 8, 4.09772179021, 4, 0.066, -0.129, -79, 0.247, -0.132, -75, 0.112, -0.146, -61, 0.2, 0.1, 13,  , , ,  , , ,  , , ,  , , ,  , , ,  , , , 0.139175925926, 100.0, 
6, 82, 1.21651159473, 1, 0.15, 0.135, 58,  , , ,  , , ,  , , ,  , , ,  , , ,  , , ,  , , ,  , , ,  , , , -1.0, 23.1467252804, 
6, 8, 4.09772179021, 4, 0.066, -0.129, -79, 0.247, -0.132, -75, 0.112, -0.146, -61, 0.2, 0.1, 13,  , , ,  , , ,  , , ,  , , ,  , , ,  , , , 0.139175925926, 100.0, 
6, 14, 5.20755195688, 1, 0.245, -0.102, -59,  , , ,  , , ,  , , ,  , , ,  , , ,  , , ,  , , ,  , , ,  , , , 0.227824074074, 100.0, 
6, 8, 4.09772179021, 4, 0.066, -0.129, -79, 0.247, -0.132, -75, 0.112, -0.146, -61, 0.2, 0.1, 13,  , , ,  , , ,  , , ,  , , ,  , , ,  , , , 0.139175925926, 100.0, 
6, 14, 5.20755195688, 1, 0.245, -0.102, -59,  , , ,  , , ,  , , ,  , , ,  , , ,  , , ,  , , ,  , , ,  , , , 0.227824074074, 100.0, 
6, 86, 2.85497951609, 2, 0.246, 0.102, 21, 0.241, -0.113, -79,  , , ,  , , ,  , , ,  , , ,  , , ,  , , ,  , , ,  , , , -3.0, 85.8757519445, 
6, 67, 3.02709570679, 8, 0.213, -0.045, 13, 0.036, 0.122, 40, 0.241, 0.138, 98, 0.205, 0.098, -19, 0.052, -0.107, -68, 0.213, -0.015, 18, 0.218, -0.003, -26, 0.248, -0.117, -19,  , , ,  , , , 0.194611111111, 100.0, 
6, 65, 4.1589730625, 4, 0.066, -0.129, -79, 0.247, -0.132, -75, 0.114, -0.146, -61, 0.2, 0.1, 13,  , , ,  , , ,  , , ,  , , ,  , , ,  , , , 0.16575, 100.0, 
6, 14, 5.20755195688, 1, 0.245, -0.102, -59,  , , ,  , , ,  , , ,  , , ,  , , ,  , , ,  , , ,  , , ,  , , , 0.227824074074, 100.0, 
6, 72, 2.70806790338, 9, 0.122, -0.139, -59, 0.184, 0.11, 64, 0.036, 0.122, 40, 0.241, 0.138, 98, 0.205, 0.098, -19, 0.052, -0.107, -68, 0.213, -0.015, 18, 0.218, -0.003, -26, 0.248, -0.117, -19,  , , , 0.18662037037, 100.0, 
7, 93, 4.13445281207, 4, 0.066, -0.129, -79, 0.247, -0.132, -75, 0.114, -0.146, -61, 0.2, 0.1, 13,  , , ,  , , ,  , , ,  , , ,  , , ,  , , , 0.155185185185, 100.0, 
7, 65, 4.1589730625, 4, 0.066, -0.129, -79, 0.247, -0.132, -75, 0.114, -0.146, -61, 0.2, 0.1, 13,  , , ,  , , ,  , , ,  , , ,  , , ,  , , , 0.16575, 100.0, 
7, 14, 5.20755195688, 1, 0.245, -0.102, -59,  , , ,  , , ,  , , ,  , , ,  , , ,  , , ,  , , ,  , , ,  , , , 0.227824074074, 100.0, 
7, 92, 4.09772179021, 4, 0.066, -0.129, -79, 0.247, -0.132, -75, 0.112, -0.146, 71, 0.2, 0.1, 13,  , , ,  , , ,  , , ,  , , ,  , , ,  , , , 0.139175925926, 100.0, 
7, 65, 4.1589730625, 4, 0.066, -0.129, -79, 0.247, -0.132, -75, 0.114, -0.146, -61, 0.2, 0.1, 13,  , , ,  , , ,  , , ,  , , ,  , , ,  , , , 0.16575, 100.0, 
7, 65, 4.1589730625, 4, 0.066, -0.129, -79, 0.247, -0.132, -75, 0.114, -0.146, -61, 0.2, 0.1, 13,  , , ,  , , ,  , , ,  , , ,  , , ,  , , , 0.16575, 100.0, 
7, 65, 4.1589730625, 4, 0.066, -0.129, -79, 0.247, -0.132, -75, 0.114, -0.146, -61, 0.2, 0.1, 13,  , , ,  , , ,  , , ,  , , ,  , , ,  , , , 0.16575, 100.0, 
7, 86, 2.85497951609, 2, 0.246, 0.102, 21, 0.241, -0.113, -79,  , , ,  , , ,  , , ,  , , ,  , , ,  , , ,  , , ,  , , , -3.0, 85.8757519445, 
7, 93, 4.13445281207, 4, 0.066, -0.129, -79, 0.247, -0.132, -75, 0.114, -0.146, -61, 0.2, 0.1, 13,  , , ,  , , ,  , , ,  , , ,  , , ,  , , , 0.155185185185, 100.0, 
7, 65, 4.1589730625, 4, 0.066, -0.129, -79, 0.247, -0.132, -75, 0.114, -0.146, -61, 0.2, 0.1, 13,  , , ,  , , ,  , , ,  , , ,  , , ,  , , , 0.16575, 100.0, 
7, 14, 5.20755195688, 1, 0.245, -0.102, -59,  , , ,  , , ,  , , ,  , , ,  , , ,  , , ,  , , ,  , , ,  , , , 0.227824074074, 100.0, 
7, 8, 4.09772179021, 4, 0.066, -0.129, -79, 0.247, -0.132, -75, 0.112, -0.146, -61, 0.2, 0.1, 13,  , , ,  , , ,  , , ,  , , ,  , , ,  , , , 0.139175925926, 100.0, 
7, 67, 3.02709570679, 8, 0.213, -0.045, 13, 0.036, 0.122, 40, 0.241, 0.138, 98, 0.205, 0.098, -19, 0.052, -0.107, -68, 0.213, -0.015, 18, 0.218, -0.003, -26, 0.248, -0.117, -19,  , , ,  , , , 0.194611111111, 100.0, 
7, 65, 4.1589730625, 4, 0.066, -0.129, -79, 0.247, -0.132, -75, 0.114, -0.146, -61, 0.2, 0.1, 13,  , , ,  , , ,  , , ,  , , ,  , , ,  , , , 0.16575, 100.0, 
7, 92, 4.09772179021, 4, 0.066, -0.129, -79, 0.247, -0.132, -75, 0.112, -0.146, 71, 0.2, 0.1, 13,  , , ,  , , ,  , , ,  , , ,  , , ,  , , , 0.139175925926, 100.0, 
7, 65, 4.1589730625, 4, 0.066, -0.129, -79, 0.247, -0.132, -75, 0.114, -0.146, -61, 0.2, 0.1, 13,  , , ,  , , ,  , , ,  , , ,  , , ,  , , , 0.16575, 100.0, 
7, 91, 4.11250967936, 4, 0.066, -0.129, -79, 0.247, -0.132, -75, 0.114, -0.146, -61, 0.2, 0.1, 13,  , , ,  , , ,  , , ,  , , ,  , , ,  , , , 0.145648148148, 100.0, 
7, 8, 4.09772179021, 4, 0.066, -0.129, -79, 0.247, -0.132, -75, 0.112, -0.146, -61, 0.2, 0.1, 13,  , , ,  , , ,  , , ,  , , ,  , , ,  , , , 0.139175925926, 100.0, 
7, 14, 5.20755195688, 1, 0.245, -0.102, -59,  , , ,  , , ,  , , ,  , , ,  , , ,  , , ,  , , ,  , , ,  , , , 0.227824074074, 100.0, 
7, 26, 2.84789586043, 8, 0.072, 0.135, 58, 0.213, -0.045, 13, 0.207, -0.149, -84, 0.072, 0.141, 58, 0.012, -0.136, -57, 0.068, -0.14, -83, 0.214, -0.124, -25, 0.134, -0.115, -70,  , , ,  , , , 0.117092592593, 100.0, 
7, 91, 4.11250967936, 4, 0.066, -0.129, -79, 0.247, -0.132, -75, 0.114, -0.146, -61, 0.2, 0.1, 13,  , , ,  , , ,  , , ,  , , ,  , , ,  , , , 0.145648148148, 100.0, 
7, 65, 4.1589730625, 4, 0.066, -0.129, -79, 0.247, -0.132, -75, 0.114, -0.146, -61, 0.2, 0.1, 13,  , , ,  , , ,  , , ,  , , ,  , , ,  , , , 0.16575, 100.0, 
7, 65, 4.1589730625, 4, 0.066, -0.129, -79, 0.247, -0.132, -75, 0.114, -0.146, -61, 0.2, 0.1, 13,  , , ,  , , ,  , , ,  , , ,  , , ,  , , , 0.16575, 100.0, 
7, 91, 4.11250967936, 4, 0.066, -0.129, -79, 0.247, -0.132, -75, 0.114, -0.146, -61, 0.2, 0.1, 13,  , , ,  , , ,  , , ,  , , ,  , , ,  , , , 0.145648148148, 100.0, 
7, 14, 5.20755195688, 1, 0.245, -0.102, -59,  , , ,  , , ,  , , ,  , , ,  , , ,  , , ,  , , ,  , , ,  , , , 0.227824074074, 100.0, 
7, 8, 4.09772179021, 4, 0.066, -0.129, -79, 0.247, -0.132, -75, 0.112, -0.146, -61, 0.2, 0.1, 13,  , , ,  , , ,  , , ,  , , ,  , , ,  , , , 0.139175925926, 100.0, 
7, 26, 2.84789586043, 8, 0.072, 0.135, 58, 0.213, -0.045, 13, 0.207, -0.149, -84, 0.072, 0.141, 58, 0.012, -0.136, -57, 0.068, -0.14, -83, 0.214, -0.124, -25, 0.134, -0.115, -70,  , , ,  , , , 0.117092592593, 100.0, 
7, 7, 2.52932957236, 1, 0.246, 0.102, 21,  , , ,  , , ,  , , ,  , , ,  , , ,  , , ,  , , ,  , , ,  , , , -1.0, 68.206110839, 
7, 14, 5.20755195688, 1, 0.245, -0.102, -59,  , , ,  , , ,  , , ,  , , ,  , , ,  , , ,  , , ,  , , ,  , , , 0.227824074074, 100.0, 
7, 86, 2.85497951609, 2, 0.246, 0.102, 21, 0.241, -0.113, -79,  , , ,  , , ,  , , ,  , , ,  , , ,  , , ,  , , ,  , , , -3.0, 85.8757519445, 
8, 105, 1.22138702246, 1, 0.066, -0.129, -79,  , , ,  , , ,  , , ,  , , ,  , , ,  , , ,  , , ,  , , ,  , , , -1.0, 23.3445184214, 
8, 14, 5.20755195688, 1, 0.245, -0.102, -59,  , , ,  , , ,  , , ,  , , ,  , , ,  , , ,  , , ,  , , ,  , , , 0.227824074074, 100.0, 
8, 14, 5.20755195688, 1, 0.245, -0.102, -59,  , , ,  , , ,  , , ,  , , ,  , , ,  , , ,  , , ,  , , ,  , , , 0.227824074074, 100.0, 
8, 65, 4.1589730625, 4, 0.066, -0.129, -79, 0.247, -0.132, -75, 0.114, -0.146, -61, 0.2, 0.1, 13,  , , ,  , , ,  , , ,  , , ,  , , ,  , , , 0.16575, 100.0, 
8, 65, 4.1589730625, 4, 0.066, -0.129, -79, 0.247, -0.132, -75, 0.114, -0.146, -61, 0.2, 0.1, 13,  , , ,  , , ,  , , ,  , , ,  , , ,  , , , 0.16575, 100.0, 
8, 65, 4.1589730625, 4, 0.066, -0.129, -79, 0.247, -0.132, -75, 0.114, -0.146, -61, 0.2, 0.1, 13,  , , ,  , , ,  , , ,  , , ,  , , ,  , , , 0.16575, 100.0, 
8, 92, 4.09772179021, 4, 0.066, -0.129, -79, 0.247, -0.132, -75, 0.112, -0.146, 71, 0.2, 0.1, 13,  , , ,  , , ,  , , ,  , , ,  , , ,  , , , 0.139175925926, 100.0, 
8, 14, 5.20755195688, 1, 0.245, -0.102, -59,  , , ,  , , ,  , , ,  , , ,  , , ,  , , ,  , , ,  , , ,  , , , 0.227824074074, 100.0, 
8, 65, 4.1589730625, 4, 0.066, -0.129, -79, 0.247, -0.132, -75, 0.114, -0.146, -61, 0.2, 0.1, 13,  , , ,  , , ,  , , ,  , , ,  , , ,  , , , 0.16575, 100.0, 
8, 65, 4.1589730625, 4, 0.066, -0.129, -79, 0.247, -0.132, -75, 0.114, -0.146, -61, 0.2, 0.1, 13,  , , ,  , , ,  , , ,  , , ,  , , ,  , , , 0.16575, 100.0, 
8, 7, 2.52932957236, 1, 0.246, 0.102, 21,  , , ,  , , ,  , , ,  , , ,  , , ,  , , ,  , , ,  , , ,  , , , -1.0, 68.206110839, 
8, 65, 4.1589730625, 4, 0.066, -0.129, -79, 0.247, -0.132, -75, 0.114, -0.146, -61, 0.2, 0.1, 13,  , , ,  , , ,  , , ,  , , ,  , , ,  , , , 0.16575, 100.0, 
8, 102, 0.317245918134, 4, 0.066, -0.129, -79, 0.247, -0.132, -75, 0.114, -0.146, -61, 0.2, 0.1, 13,  , , ,  , , ,  , , ,  , , ,  , , ,  , , , -1.0, 23.176536651, 
8, 105, 1.22138702246, 1, 0.066, -0.129, -79,  , , ,  , , ,  , , ,  , , ,  , , ,  , , ,  , , ,  , , ,  , , , -1.0, 23.3445184214, 
8, 65, 4.1589730625, 4, 0.066, -0.129, -79, 0.247, -0.132, -75, 0.114, -0.146, -61, 0.2, 0.1, 13,  , , ,  , , ,  , , ,  , , ,  , , ,  , , , 0.16575, 100.0, 
8, 91, 4.11250967936, 4, 0.066, -0.129, -79, 0.247, -0.132, -75, 0.114, -0.146, -61, 0.2, 0.1, 13,  , , ,  , , ,  , , ,  , , ,  , , ,  , , , 0.145648148148, 100.0, 
8, 65, 4.1589730625, 4, 0.066, -0.129, -79, 0.247, -0.132, -75, 0.114, -0.146, -61, 0.2, 0.1, 13,  , , ,  , , ,  , , ,  , , ,  , , ,  , , , 0.16575, 100.0, 
8, 91, 4.11250967936, 4, 0.066, -0.129, -79, 0.247, -0.132, -75, 0.114, -0.146, -61, 0.2, 0.1, 13,  , , ,  , , ,  , , ,  , , ,  , , ,  , , , 0.145648148148, 100.0, 
8, 65, 4.1589730625, 4, 0.066, -0.129, -79, 0.247, -0.132, -75, 0.114, -0.146, -61, 0.2, 0.1, 13,  , , ,  , , ,  , , ,  , , ,  , , ,  , , , 0.16575, 100.0, 
8, 65, 4.1589730625, 4, 0.066, -0.129, -79, 0.247, -0.132, -75, 0.114, -0.146, -61, 0.2, 0.1, 13,  , , ,  , , ,  , , ,  , , ,  , , ,  , , , 0.16575, 100.0, 
8, 91, 4.11250967936, 4, 0.066, -0.129, -79, 0.247, -0.132, -75, 0.114, -0.146, -61, 0.2, 0.1, 13,  , , ,  , , ,  , , ,  , , ,  , , ,  , , , 0.145648148148, 100.0, 
8, 14, 5.20755195688, 1, 0.245, -0.102, -59,  , , ,  , , ,  , , ,  , , ,  , , ,  , , ,  , , ,  , , ,  , , , 0.227824074074, 100.0, 
8, 105, 1.22138702246, 1, 0.066, -0.129, -79,  , , ,  , , ,  , , ,  , , ,  , , ,  , , ,  , , ,  , , ,  , , , -1.0, 23.3445184214, 
8, 14, 5.20755195688, 1, 0.245, -0.102, -59,  , , ,  , , ,  , , ,  , , ,  , , ,  , , ,  , , ,  , , ,  , , , 0.227824074074, 100.0, 
8, 93, 4.13445281207, 4, 0.066, -0.129, -79, 0.247, -0.132, -75, 0.114, -0.146, -61, 0.2, 0.1, 13,  , , ,  , , ,  , , ,  , , ,  , , ,  , , , 0.155185185185, 100.0, 
8, 67, 3.02709570679, 8, 0.213, -0.045, 13, 0.036, 0.122, 40, 0.241, 0.138, 98, 0.205, 0.098, -19, 0.052, -0.107, -68, 0.213, -0.015, 18, 0.218, -0.003, -26, 0.248, -0.117, -19,  , , ,  , , , 0.194611111111, 100.0, 
8, 65, 4.1589730625, 4, 0.066, -0.129, -79, 0.247, -0.132, -75, 0.114, -0.146, -61, 0.2, 0.1, 13,  , , ,  , , ,  , , ,  , , ,  , , ,  , , , 0.16575, 100.0, 
8, 65, 4.1589730625, 4, 0.066, -0.129, -79, 0.247, -0.132, -75, 0.114, -0.146, -61, 0.2, 0.1, 13,  , , ,  , , ,  , , ,  , , ,  , , ,  , , , 0.16575, 100.0, 
8, 7, 2.52932957236, 1, 0.246, 0.102, 21,  , , ,  , , ,  , , ,  , , ,  , , ,  , , ,  , , ,  , , ,  , , , -1.0, 68.206110839, 
8, 65, 4.1589730625, 4, 0.066, -0.129, -79, 0.247, -0.132, -75, 0.114, -0.146, -61, 0.2, 0.1, 13,  , , ,  , , ,  , , ,  , , ,  , , ,  , , , 0.16575, 100.0, 
9, 111, 4.31588536017, 4, 0.066, -0.129, -79, 0.247, -0.132, 22, 0.114, -0.146, -61, 0.2, 0.1, 13,  , , ,  , , ,  , , ,  , , ,  , , ,  , , , 0.231212962963, 100.0, 
9, 112, 2.31192833719, 1, 0.246, 0.107, 21,  , , ,  , , ,  , , ,  , , ,  , , ,  , , ,  , , ,  , , ,  , , , -1.0, 61.6146137324, 
9, 65, 4.1589730625, 4, 0.066, -0.129, -79, 0.247, -0.132, -75, 0.114, -0.146, -61, 0.2, 0.1, 13,  , , ,  , , ,  , , ,  , , ,  , , ,  , , , 0.16575, 100.0, 
9, 65, 4.1589730625, 4, 0.066, -0.129, -79, 0.247, -0.132, -75, 0.114, -0.146, -61, 0.2, 0.1, 13,  , , ,  , , ,  , , ,  , , ,  , , ,  , , , 0.16575, 100.0, 
9, 65, 4.1589730625, 4, 0.066, -0.129, -79, 0.247, -0.132, -75, 0.114, -0.146, -61, 0.2, 0.1, 13,  , , ,  , , ,  , , ,  , , ,  , , ,  , , , 0.16575, 100.0, 
9, 65, 4.1589730625, 4, 0.066, -0.129, -79, 0.247, -0.132, -75, 0.114, -0.146, -61, 0.2, 0.1, 13,  , , ,  , , ,  , , ,  , , ,  , , ,  , , , 0.16575, 100.0, 
9, 65, 4.1589730625, 4, 0.066, -0.129, -79, 0.247, -0.132, -75, 0.114, -0.146, -61, 0.2, 0.1, 13,  , , ,  , , ,  , , ,  , , ,  , , ,  , , , 0.16575, 100.0, 
9, 93, 4.13445281207, 4, 0.066, -0.129, -79, 0.247, -0.132, -75, 0.114, -0.146, -61, 0.2, 0.1, 13,  , , ,  , , ,  , , ,  , , ,  , , ,  , , , 0.155185185185, 100.0, 
9, 65, 4.1589730625, 4, 0.066, -0.129, -79, 0.247, -0.132, -75, 0.114, -0.146, -61, 0.2, 0.1, 13,  , , ,  , , ,  , , ,  , , ,  , , ,  , , , 0.16575, 100.0, 
9, 65, 4.1589730625, 4, 0.066, -0.129, -79, 0.247, -0.132, -75, 0.114, -0.146, -61, 0.2, 0.1, 13,  , , ,  , , ,  , , ,  , , ,  , , ,  , , , 0.16575, 100.0, 
9, 14, 5.20755195688, 1, 0.245, -0.102, -59,  , , ,  , , ,  , , ,  , , ,  , , ,  , , ,  , , ,  , , ,  , , , 0.227824074074, 100.0, 
9, 14, 5.20755195688, 1, 0.245, -0.102, -59,  , , ,  , , ,  , , ,  , , ,  , , ,  , , ,  , , ,  , , ,  , , , 0.227824074074, 100.0, 
9, 65, 4.1589730625, 4, 0.066, -0.129, -79, 0.247, -0.132, -75, 0.114, -0.146, -61, 0.2, 0.1, 13,  , , ,  , , ,  , , ,  , , ,  , , ,  , , , 0.16575, 100.0, 
9, 92, 4.09772179021, 4, 0.066, -0.129, -79, 0.247, -0.132, -75, 0.112, -0.146, 71, 0.2, 0.1, 13,  , , ,  , , ,  , , ,  , , ,  , , ,  , , , 0.139175925926, 100.0, 
9, 112, 2.31192833719, 1, 0.246, 0.107, 21,  , , ,  , , ,  , , ,  , , ,  , , ,  , , ,  , , ,  , , ,  , , , -1.0, 61.6146137324, 
9, 65, 4.1589730625, 4, 0.066, -0.129, -79, 0.247, -0.132, -75, 0.114, -0.146, -61, 0.2, 0.1, 13,  , , ,  , , ,  , , ,  , , ,  , , ,  , , , 0.16575, 100.0, 
9, 93, 4.13445281207, 4, 0.066, -0.129, -79, 0.247, -0.132, -75, 0.114, -0.146, -61, 0.2, 0.1, 13,  , , ,  , , ,  , , ,  , , ,  , , ,  , , , 0.155185185185, 100.0, 
9, 107, 1.77918331612, 1, 0.184, -0.148, 83,  , , ,  , , ,  , , ,  , , ,  , , ,  , , ,  , , ,  , , ,  , , , -1.0, 44.1937348195, 
9, 65, 4.1589730625, 4, 0.066, -0.129, -79, 0.247, -0.132, -75, 0.114, -0.146, -61, 0.2, 0.1, 13,  , , ,  , , ,  , , ,  , , ,  , , ,  , , , 0.16575, 100.0, 
9, 91, 4.11250967936, 4, 0.066, -0.129, -79, 0.247, -0.132, -75, 0.114, -0.146, -61, 0.2, 0.1, 13,  , , ,  , , ,  , , ,  , , ,  , , ,  , , , 0.145648148148, 100.0, 
9, 7, 2.52932957236, 1, 0.246, 0.102, 21,  , , ,  , , ,  , , ,  , , ,  , , ,  , , ,  , , ,  , , ,  , , , -1.0, 68.206110839, 
9, 111, 4.31588536017, 4, 0.066, -0.129, -79, 0.247, -0.132, 22, 0.114, -0.146, -61, 0.2, 0.1, 13,  , , ,  , , ,  , , ,  , , ,  , , ,  , , , 0.231212962963, 100.0, 
9, 65, 4.1589730625, 4, 0.066, -0.129, -79, 0.247, -0.132, -75, 0.114, -0.146, -61, 0.2, 0.1, 13,  , , ,  , , ,  , , ,  , , ,  , , ,  , , , 0.16575, 100.0, 
9, 65, 4.1589730625, 4, 0.066, -0.129, -79, 0.247, -0.132, -75, 0.114, -0.146, -61, 0.2, 0.1, 13,  , , ,  , , ,  , , ,  , , ,  , , ,  , , , 0.16575, 100.0, 
9, 14, 5.20755195688, 1, 0.245, -0.102, -59,  , , ,  , , ,  , , ,  , , ,  , , ,  , , ,  , , ,  , , ,  , , , 0.227824074074, 100.0, 
9, 65, 4.1589730625, 4, 0.066, -0.129, -79, 0.247, -0.132, -75, 0.114, -0.146, -61, 0.2, 0.1, 13,  , , ,  , , ,  , , ,  , , ,  , , ,  , , , 0.16575, 100.0, 
9, 7, 2.52932957236, 1, 0.246, 0.102, 21,  , , ,  , , ,  , , ,  , , ,  , , ,  , , ,  , , ,  , , ,  , , , -1.0, 68.206110839, 
9, 110, 1.45705124132, 4, 0.066, -0.129, -79, 0.247, -0.132, 42, 0.114, -0.146, -61, 0.2, 0.1, 13,  , , ,  , , ,  , , ,  , , ,  , , ,  , , , -1.0, 63.0046392384, 
9, 91, 4.11250967936, 4, 0.066, -0.129, -79, 0.247, -0.132, -75, 0.114, -0.146, -61, 0.2, 0.1, 13,  , , ,  , , ,  , , ,  , , ,  , , ,  , , , 0.145648148148, 100.0, 
9, 65, 4.1589730625, 4, 0.066, -0.129, -79, 0.247, -0.132, -75, 0.114, -0.146, -61, 0.2, 0.1, 13,  , , ,  , , ,  , , ,  , , ,  , , ,  , , , 0.16575, 100.0, 
10, 120, 4.479616, 4, 0.066, -0.129, -79, 0.247, -0.132, -75, 0.114, -0.146, -61, 0.2, 0.1, 13,  , , ,  , , ,  , , ,  , , ,  , , ,  , , , 0.296, 100.0, 
10, 65, 4.1589730625, 4, 0.066, -0.129, -79, 0.247, -0.132, -75, 0.114, -0.146, -61, 0.2, 0.1, 13,  , , ,  , , ,  , , ,  , , ,  , , ,  , , , 0.16575, 100.0, 
10, 65, 4.1589730625, 4, 0.066, -0.129, -79, 0.247, -0.132, -75, 0.114, -0.146, -61, 0.2, 0.1, 13,  , , ,  , , ,  , , ,  , , ,  , , ,  , , , 0.16575, 100.0, 
10, 65, 4.1589730625, 4, 0.066, -0.129, -79, 0.247, -0.132, -75, 0.114, -0.146, -61, 0.2, 0.1, 13,  , , ,  , , ,  , , ,  , , ,  , , ,  , , , 0.16575, 100.0, 
10, 65, 4.1589730625, 4, 0.066, -0.129, -79, 0.247, -0.132, -75, 0.114, -0.146, -61, 0.2, 0.1, 13,  , , ,  , , ,  , , ,  , , ,  , , ,  , , , 0.16575, 100.0, 
10, 112, 2.31192833719, 1, 0.246, 0.107, 21,  , , ,  , , ,  , , ,  , , ,  , , ,  , , ,  , , ,  , , ,  , , , -1.0, 61.6146137324, 
10, 111, 4.31588536017, 4, 0.066, -0.129, -79, 0.247, -0.132, 22, 0.114, -0.146, -61, 0.2, 0.1, 13,  , , ,  , , ,  , , ,  , , ,  , , ,  , , , 0.231212962963, 100.0, 
10, 111, 4.31588536017, 4, 0.066, -0.129, -79, 0.247, -0.132, 22, 0.114, -0.146, -61, 0.2, 0.1, 13,  , , ,  , , ,  , , ,  , , ,  , , ,  , , , 0.231212962963, 100.0, 
10, 7, 2.52932957236, 1, 0.246, 0.102, 21,  , , ,  , , ,  , , ,  , , ,  , , ,  , , ,  , , ,  , , ,  , , , -1.0, 68.206110839, 
10, 126, 0.857868045503, 4, 0.066, -0.129, -79, 0.247, -0.132, -75, 0.114, -0.146, -61, 0.2, 0.1, 13,  , , ,  , , ,  , , ,  , , ,  , , ,  , , , -1.0, 43.4527115639, 
10, 111, 4.31588536017, 4, 0.066, -0.129, -79, 0.247, -0.132, 22, 0.114, -0.146, -61, 0.2, 0.1, 13,  , , ,  , , ,  , , ,  , , ,  , , ,  , , , 0.231212962963, 100.0, 
10, 14, 5.20755195688, 1, 0.245, -0.102, -59,  , , ,  , , ,  , , ,  , , ,  , , ,  , , ,  , , ,  , , ,  , , , 0.227824074074, 100.0, 
10, 65, 4.1589730625, 4, 0.066, -0.129, -79, 0.247, -0.132, -75, 0.114, -0.146, -61, 0.2, 0.1, 13,  , , ,  , , ,  , , ,  , , ,  , , ,  , , , 0.16575, 100.0, 
10, 120, 4.479616, 4, 0.066, -0.129, -79, 0.247, -0.132, -75, 0.114, -0.146, -61, 0.2, 0.1, 13,  , , ,  , , ,  , , ,  , , ,  , , ,  , , , 0.296, 100.0, 
10, 65, 4.1589730625, 4, 0.066, -0.129, -79, 0.247, -0.132, -75, 0.114, -0.146, -61, 0.2, 0.1, 13,  , , ,  , , ,  , , ,  , , ,  , , ,  , , , 0.16575, 100.0, 
10, 65, 4.1589730625, 4, 0.066, -0.129, -79, 0.247, -0.132, -75, 0.114, -0.146, -61, 0.2, 0.1, 13,  , , ,  , , ,  , , ,  , , ,  , , ,  , , , 0.16575, 100.0, 
10, 118, 0.845931666124, 4, 0.066, -0.129, -79, 0.247, -0.147, -75, 0.114, -0.146, -61, 0.2, 0.1, 13,  , , ,  , , ,  , , ,  , , ,  , , ,  , , , -1.0, 43.0360676936, 
10, 112, 2.31192833719, 1, 0.246, 0.107, 21,  , , ,  , , ,  , , ,  , , ,  , , ,  , , ,  , , ,  , , ,  , , , -1.0, 61.6146137324, 
10, 120, 4.479616, 4, 0.066, -0.129, -79, 0.247, -0.132, -75, 0.114, -0.146, -61, 0.2, 0.1, 13,  , , ,  , , ,  , , ,  , , ,  , , ,  , , , 0.296, 100.0, 
10, 119, 2.14605307557, 4, 0.066, -0.129, -79, 0.247, -0.132, -75, 0.114, -0.146, -61, 0.2, 0.1, 13,  , , ,  , , ,  , , ,  , , ,  , , ,  , , , -3.0, 82.9221986412, 
10, 65, 4.1589730625, 4, 0.066, -0.129, -79, 0.247, -0.132, -75, 0.114, -0.146, -61, 0.2, 0.1, 13,  , , ,  , , ,  , , ,  , , ,  , , ,  , , , 0.16575, 100.0, 
10, 7, 2.52932957236, 1, 0.246, 0.102, 21,  , , ,  , , ,  , , ,  , , ,  , , ,  , , ,  , , ,  , , ,  , , , -1.0, 68.206110839, 
10, 119, 2.14605307557, 4, 0.066, -0.129, -79, 0.247, -0.132, -75, 0.114, -0.146, -61, 0.2, 0.1, 13,  , , ,  , , ,  , , ,  , , ,  , , ,  , , , -3.0, 82.9221986412, 
10, 65, 4.1589730625, 4, 0.066, -0.129, -79, 0.247, -0.132, -75, 0.114, -0.146, -61, 0.2, 0.1, 13,  , , ,  , , ,  , , ,  , , ,  , , ,  , , , 0.16575, 100.0, 
10, 14, 5.20755195688, 1, 0.245, -0.102, -59,  , , ,  , , ,  , , ,  , , ,  , , ,  , , ,  , , ,  , , ,  , , , 0.227824074074, 100.0, 
10, 65, 4.1589730625, 4, 0.066, -0.129, -79, 0.247, -0.132, -75, 0.114, -0.146, -61, 0.2, 0.1, 13,  , , ,  , , ,  , , ,  , , ,  , , ,  , , , 0.16575, 100.0, 
10, 65, 4.1589730625, 4, 0.066, -0.129, -79, 0.247, -0.132, -75, 0.114, -0.146, -61, 0.2, 0.1, 13,  , , ,  , , ,  , , ,  , , ,  , , ,  , , , 0.16575, 100.0, 
10, 111, 4.31588536017, 4, 0.066, -0.129, -79, 0.247, -0.132, 22, 0.114, -0.146, -61, 0.2, 0.1, 13,  , , ,  , , ,  , , ,  , , ,  , , ,  , , , 0.231212962963, 100.0, 
10, 119, 2.14605307557, 4, 0.066, -0.129, -79, 0.247, -0.132, -75, 0.114, -0.146, -61, 0.2, 0.1, 13,  , , ,  , , ,  , , ,  , , ,  , , ,  , , , -3.0, 82.9221986412, 
10, 110, 1.45705124132, 4, 0.066, -0.129, -79, 0.247, -0.132, 42, 0.114, -0.146, -61, 0.2, 0.1, 13,  , , ,  , , ,  , , ,  , , ,  , , ,  , , , -1.0, 63.0046392384, 
11, 132, 4.16022545276, 4, 0.245, -0.102, -59, 0.247, -0.132, -75, 0.114, -0.146, -61, 0.2, 0.1, 13,  , , ,  , , ,  , , ,  , , ,  , , ,  , , , 0.166287037037, 100.0, 
11, 65, 4.1589730625, 4, 0.066, -0.129, -79, 0.247, -0.132, -75, 0.114, -0.146, -61, 0.2, 0.1, 13,  , , ,  , , ,  , , ,  , , ,  , , ,  , , , 0.16575, 100.0, 
11, 14, 5.20755195688, 1, 0.245, -0.102, -59,  , , ,  , , ,  , , ,  , , ,  , , ,  , , ,  , , ,  , , ,  , , , 0.227824074074, 100.0, 
11, 120, 4.479616, 4, 0.066, -0.129, -79, 0.247, -0.132, -75, 0.114, -0.146, -61, 0.2, 0.1, 13,  , , ,  , , ,  , , ,  , , ,  , , ,  , , , 0.296, 100.0, 
11, 112, 2.31192833719, 1, 0.246, 0.107, 21,  , , ,  , , ,  , , ,  , , ,  , , ,  , , ,  , , ,  , , ,  , , , -1.0, 61.6146137324, 
11, 139, 4.11662875309, 4, 0.066, -0.129, -79, 0.247, -0.132, -75, 0.114, -0.146, -61, 0.2, 0.1, 13,  , , ,  , , ,  , , ,  , , ,  , , ,  , , , 0.147444444444, 100.0, 
11, 65, 4.1589730625, 4, 0.066, -0.129, -79, 0.247, -0.132, -75, 0.114, -0.146, -61, 0.2, 0.1, 13,  , , ,  , , ,  , , ,  , , ,  , , ,  , , , 0.16575, 100.0, 
11, 65, 4.1589730625, 4, 0.066, -0.129, -79, 0.247, -0.132, -75, 0.114, -0.146, -61, 0.2, 0.1, 13,  , , ,  , , ,  , , ,  , , ,  , , ,  , , , 0.16575, 100.0, 
11, 14, 5.20755195688, 1, 0.245, -0.102, -59,  , , ,  , , ,  , , ,  , , ,  , , ,  , , ,  , , ,  , , ,  , , , 0.227824074074, 100.0, 
11, 111, 4.31588536017, 4, 0.066, -0.129, -79, 0.247, -0.132, 22, 0.114, -0.146, -61, 0.2, 0.1, 13,  , , ,  , , ,  , , ,  , , ,  , , ,  , , , 0.231212962963, 100.0, 
11, 120, 4.479616, 4, 0.066, -0.129, -79, 0.247, -0.132, -75, 0.114, -0.146, -61, 0.2, 0.1, 13,  , , ,  , , ,  , , ,  , , ,  , , ,  , , , 0.296, 100.0, 
11, 120, 4.479616, 4, 0.066, -0.129, -79, 0.247, -0.132, -75, 0.114, -0.146, -61, 0.2, 0.1, 13,  , , ,  , , ,  , , ,  , , ,  , , ,  , , , 0.296, 100.0, 
11, 111, 4.31588536017, 4, 0.066, -0.129, -79, 0.247, -0.132, 22, 0.114, -0.146, -61, 0.2, 0.1, 13,  , , ,  , , ,  , , ,  , , ,  , , ,  , , , 0.231212962963, 100.0, 
11, 132, 4.16022545276, 4, 0.245, -0.102, -59, 0.247, -0.132, -75, 0.114, -0.146, -61, 0.2, 0.1, 13,  , , ,  , , ,  , , ,  , , ,  , , ,  , , , 0.166287037037, 100.0, 
11, 111, 4.31588536017, 4, 0.066, -0.129, -79, 0.247, -0.132, 22, 0.114, -0.146, -61, 0.2, 0.1, 13,  , , ,  , , ,  , , ,  , , ,  , , ,  , , , 0.231212962963, 100.0, 
11, 131, 4.12524864892, 4, 0.066, -0.129, -79, 0.247, -0.132, -75, 0.114, -0.146, -61, 0.2, 0.1, 13,  , , ,  , , ,  , , ,  , , ,  , , ,  , , , 0.151194444444, 100.0, 
11, 120, 4.479616, 4, 0.066, -0.129, -79, 0.247, -0.132, -75, 0.114, -0.146, -61, 0.2, 0.1, 13,  , , ,  , , ,  , , ,  , , ,  , , ,  , , , 0.296, 100.0, 
11, 111, 4.31588536017, 4, 0.066, -0.129, -79, 0.247, -0.132, 22, 0.114, -0.146, -61, 0.2, 0.1, 13,  , , ,  , , ,  , , ,  , , ,  , , ,  , , , 0.231212962963, 100.0, 
11, 14, 5.20755195688, 1, 0.245, -0.102, -59,  , , ,  , , ,  , , ,  , , ,  , , ,  , , ,  , , ,  , , ,  , , , 0.227824074074, 100.0, 
11, 132, 4.16022545276, 4, 0.245, -0.102, -59, 0.247, -0.132, -75, 0.114, -0.146, -61, 0.2, 0.1, 13,  , , ,  , , ,  , , ,  , , ,  , , ,  , , , 0.166287037037, 100.0, 
11, 120, 4.479616, 4, 0.066, -0.129, -79, 0.247, -0.132, -75, 0.114, -0.146, -61, 0.2, 0.1, 13,  , , ,  , , ,  , , ,  , , ,  , , ,  , , , 0.296, 100.0, 
11, 120, 4.479616, 4, 0.066, -0.129, -79, 0.247, -0.132, -75, 0.114, -0.146, -61, 0.2, 0.1, 13,  , , ,  , , ,  , , ,  , , ,  , , ,  , , , 0.296, 100.0, 
11, 111, 4.31588536017, 4, 0.066, -0.129, -79, 0.247, -0.132, 22, 0.114, -0.146, -61, 0.2, 0.1, 13,  , , ,  , , ,  , , ,  , , ,  , , ,  , , , 0.231212962963, 100.0, 
11, 129, 1.40609237817, 4, 0.066, -0.129, -79, 0.247, -0.132, -75, 0.114, -0.146, 44, 0.2, 0.1, 13,  , , ,  , , ,  , , ,  , , ,  , , ,  , , , -1.0, 61.4339610542, 
11, 131, 4.12524864892, 4, 0.066, -0.129, -79, 0.247, -0.132, -75, 0.114, -0.146, -61, 0.2, 0.1, 13,  , , ,  , , ,  , , ,  , , ,  , , ,  , , , 0.151194444444, 100.0, 
11, 14, 5.20755195688, 1, 0.245, -0.102, -59,  , , ,  , , ,  , , ,  , , ,  , , ,  , , ,  , , ,  , , ,  , , , 0.227824074074, 100.0, 
11, 65, 4.1589730625, 4, 0.066, -0.129, -79, 0.247, -0.132, -75, 0.114, -0.146, -61, 0.2, 0.1, 13,  , , ,  , , ,  , , ,  , , ,  , , ,  , , , 0.16575, 100.0, 
11, 131, 4.12524864892, 4, 0.066, -0.129, -79, 0.247, -0.132, -75, 0.114, -0.146, -61, 0.2, 0.1, 13,  , , ,  , , ,  , , ,  , , ,  , , ,  , , , 0.151194444444, 100.0, 
11, 132, 4.16022545276, 4, 0.245, -0.102, -59, 0.247, -0.132, -75, 0.114, -0.146, -61, 0.2, 0.1, 13,  , , ,  , , ,  , , ,  , , ,  , , ,  , , , 0.166287037037, 100.0, 
11, 139, 4.11662875309, 4, 0.066, -0.129, -79, 0.247, -0.132, -75, 0.114, -0.146, -61, 0.2, 0.1, 13,  , , ,  , , ,  , , ,  , , ,  , , ,  , , , 0.147444444444, 100.0, 
