*****Sonar Placement GA Expirement*****
Start Time: 2018-01-19 13:28:39.421436
Rand_seed:4
End Time: 
Running Time: 
Population size:30
Generation Count:25
Mutation Probability:0.15
Cross Over Probability:0.25
***** Constraints *****
Max Number of Sensors: 6
X Position: [0, 100]
Y Position: [0, 100]
Z Orient: [-90, 90]
***** Enviroment Factors *****
Sensor Knockout: False
Sensor Knockout Type: aoe
Max Sim Time: 540
*****************************
Generation, ID, Fitness, Number of Sonar, S1_P_X, S1_P_Y, S1_O, S2_P_X, S2_P_Y, S2_O, S3_P_X, S3_P_Y, S3_O, S4_P_X, S4_P_Y, S4_O, S5_P_X, S5_P_Y, S5_O, S6_P_X, S6_P_Y, S6_O, Raw Fitness
0, 0, 4.28726638803, 6, 0.205, -0.02, 21, 0.08, 0.146, 50, 0.211, 0.127, 73, 0.205, 0.02, -21, 0.08, -0.146, -50, 0.211, -0.127, -73, -1.0, 60.0, -1.0, 11.4158877155, -1.0, 51.1924728447, 
0, 1, 4.78732532355, 6, 0.02, 0.111, 43, 0.241, -0.11, -19, 0.232, 0.046, -22, 0.02, -0.11, -43, 0.241, 0.11, 19, 0.232, -0.046, 22, -1.0, 60.0, -1.0, 21.1332045128, -1.0, 60.0, 
0, 2, 4.80795081279, 6, 0.204, -0.119, -67, 0.034, -0.127, -44, 0.244, -0.122, -30, 0.204, 0.12, 67, 0.034, 0.127, 44, 0.244, 0.123, 30, -1.0, 60.0, -1.0, 21.981589299, -1.0, 60.0, 
0, 3, 3.66079894101, 6, 0.229, -0.105, -85, 0.082, -0.12, -61, 0.06, 0.141, 88, 0.229, 0.106, 85, 0.082, 0.12, 61, 0.06, -0.141, -88, -1.0, 11.5789114907, -1.0, 11.9013918333, -1.0, 72.1517192085, 
0, 4, 4.83478866741, 6, 0.126, 0.114, 63, 0.068, -0.1, -49, 0.04, -0.118, -54, 0.126, -0.114, -63, 0.068, 0.1, 49, 0.04, 0.119, 54, -1.0, 60.0, -1.0, 23.076751152, -1.0, 60.0, 
0, 5, 4.88195355544, 6, 0.238, -0.036, -4, 0.205, -0.147, -23, 0.231, 0.112, 67, 0.238, 0.036, 4, 0.205, 0.147, 23, 0.231, -0.111, -67, -1.0, 60.0, -1.0, 24.9781403062, -1.0, 60.0, 
0, 6, 3.58176328011, 6, 0.092, 0.102, 55, 0.248, -0.113, -96, 0.058, 0.149, 51, 0.092, -0.102, -55, 0.248, 0.113, 96, 0.058, -0.148, -51, -1.0, 60.0, -1.0, 11.6614074994, -1.0, 25.4964655929, 
0, 7, 5.03548025789, 6, 0.19, -0.119, -81, 0.21, -0.012, 22, 0.248, -0.034, 30, 0.19, 0.119, 81, 0.21, 0.012, -22, 0.248, 0.034, -30, -1.0, 60.0, -1.0, 30.9763435849, -1.0, 60.0, 
0, 8, 5.04482686624, 6, 0.034, 0.14, 72, 0.205, 0.098, 5, 0.203, -0.09, 20, 0.034, -0.139, -72, 0.205, -0.098, -5, 0.203, 0.09, -20, -1.0, 60.0, -1.0, 31.3326641105, -1.0, 60.0, 
0, 9, 3.28744177158, 6, 0.208, 0.102, 51, 0.25, -0.076, -2, 0.221, 0.15, 52, 0.208, -0.102, -51, 0.25, 0.076, 2, 0.221, -0.149, -52, -1.0, 21.3987090964, -1.0, 2.64877566479, -1.0, 60.0, 
0, 10, 2.19139683319, 6, 0.221, -0.094, 5, 0.245, 0.066, 0, 0.05, 0.112, 80, 0.221, 0.094, -5, 0.245, -0.066, 0, 0.05, -0.112, -80, -1.0, 21.4415916631, -1.0, 1.8044925037, -1.0, 21.662457037, 
0, 11, 3.74223111516, 6, 0.244, -0.072, 27, 0.229, -0.1, -40, 0.233, -0.11, -75, 0.244, 0.072, -27, 0.229, 0.1, 40, 0.233, 0.111, 75, -1.0, 60.0, -1.0, 21.9346621195, -1.0, 22.2875681555, 
0, 12, 3.53031492486, 6, 0.018, -0.139, -84, 0.247, -0.134, -66, 0.232, 0.141, 47, 0.018, 0.14, 84, 0.247, 0.134, 66, 0.232, -0.141, -47, -1.0, 60.0, -1.0, 11.3851539252, -1.0, 23.6790068429, 
0, 13, 3.3020712805, 6, 0.235, 0.114, 7, 0.204, -0.101, -97, 0.202, 0.145, 88, 0.235, -0.113, -7, 0.204, 0.101, 97, 0.202, -0.145, -88, -1.0, 21.9907682836, -1.0, 2.65946258666, -1.0, 60.0, 
0, 14, 5.88, 6, 0.234, -0.147, -16, 0.229, 0.138, 7, 0.2, 0.086, 30, 0.234, 0.147, 16, 0.229, -0.137, -7, 0.2, -0.086, -30, -1.0, 60.0, -1.0, 60.0, -1.0, 60.0, 
0, 15, 4.80162643166, 6, 0.206, -0.109, -79, 0.228, -0.106, -20, 0.217, 0.145, 22, 0.206, 0.11, 79, 0.228, 0.106, 20, 0.217, -0.145, -22, -1.0, 60.0, -1.0, 21.7220781807, -1.0, 60.0, 
0, 16, 3.73022885854, 6, 0.106, -0.149, -41, 0.098, -0.106, -71, 0.072, 0.139, 64, 0.106, 0.149, 41, 0.098, 0.107, 71, 0.072, -0.138, -64, -1.0, 21.8325420603, -1.0, 21.8979912899, -1.0, 60.0, 
0, 17, 2.63189104726, 6, 0.168, 0.142, 86, 0.076, -0.11, -55, 0.225, 0.094, 25, 0.168, -0.141, -86, 0.076, 0.111, 55, 0.225, -0.094, -25, -1.0, 21.8099201806, -1.0, 11.3955674215, -1.0, 30.6609405177, 
0, 18, 3.28230358957, 6, 0.124, 0.145, 64, 0.172, -0.111, -43, 0.21, -0.135, -84, 0.124, -0.144, -64, 0.172, 0.111, 43, 0.21, 0.135, 84, -1.0, 22.0350758403, -1.0, 1.63895001622, -1.0, 60.0, 
0, 19, 3.95236669823, 6, 0.16, -0.142, -84, 0.03, 0.124, 73, 0.182, -0.114, -40, 0.16, 0.142, 84, 0.03, -0.124, -73, 0.182, 0.115, 40, -1.0, 21.2950313449, -1.0, 31.1913958815, -1.0, 60.0, 
0, 20, 4.26925146219, 6, 0.228, -0.002, -13, 0.014, -0.138, -83, 0.239, 0.098, -8, 0.228, 0.002, 13, 0.014, 0.138, 83, 0.239, -0.098, 8, -1.0, 60.0, -1.0, 10.9837690098, -1.0, 50.9142724802, 
0, 21, 3.28006761496, 6, 0.231, 0.116, 8, 0.184, -0.135, -84, 0.231, 0.122, 86, 0.231, -0.115, -8, 0.184, 0.135, 84, 0.231, -0.122, -86, -1.0, 32.3496360557, -1.0, 2.60268087992, -1.0, 50.8540349535, 
0, 22, 2.62963505716, 6, 0.218, 0.133, 87, 0.028, 0.141, 81, 0.218, -0.121, -35, 0.218, -0.133, -87, 0.028, -0.14, -81, 0.218, 0.121, 35, -1.0, 21.9810082105, -1.0, 10.9781036962, -1.0, 30.7701980865, 
0, 23, 3.22396046293, 6, 0.205, 0.12, 6, 0.132, 0.116, 75, 0.004, 0.148, 48, 0.205, -0.12, -6, 0.132, -0.116, -75, 0.004, -0.147, -48, -1.0, 51.23104879, -1.0, 11.4004599865, -1.0, 22.3058135413, 
0, 24, 4.54506983539, 6, 0.241, -0.102, -16, 0.1, -0.121, -87, 0.248, 0.106, 35, 0.241, 0.102, 16, 0.1, 0.122, 87, 0.248, -0.105, -35, -1.0, 60.0, -1.0, 10.6828729021, -1.0, 60.0, 
0, 25, 5.88, 6, 0.238, 0.131, 17, 0.247, -0.018, -6, 0.236, -0.135, -23, 0.238, -0.131, -17, 0.247, 0.018, 6, 0.236, 0.135, 23, -1.0, 60.0, -1.0, 60.0, -1.0, 60.0, 
0, 26, 3.48937862521, 6, 0.232, 0.1, -24, 0.08, -0.109, -54, 0.002, -0.141, -67, 0.232, -0.1, 24, 0.08, 0.109, 54, 0.002, 0.141, 67, -1.0, 21.9897819078, -1.0, 11.4104095772, -1.0, 60.0, 
0, 27, 4.35387225301, 6, 0.231, 0.118, 4, 0.208, 0.103, 2, 0.246, -0.12, -31, 0.231, -0.118, -4, 0.208, -0.103, -2, 0.246, 0.12, 31, -1.0, 60.0, -1.0, 1.67950889989, -1.0, 60.0, 
0, 28, 4.16092364765, 6, 0.052, 0.111, 43, 0.239, -0.142, -24, 0.247, -0.068, -18, 0.052, -0.111, -43, 0.239, 0.143, 24, 0.247, 0.068, 18, -1.0, 32.3212640823, -1.0, 10.8256003982, -1.0, 72.6789096691, 
0, 29, 4.70363468541, 6, 0.228, 0.148, 74, 0.03, -0.145, -41, 0.206, -0.088, -30, 0.228, -0.148, -74, 0.03, 0.146, 41, 0.206, 0.088, 30, -1.0, 60.0, -1.0, 17.6280019983, -1.0, 60.0, 
1, 14, 5.88, 6, 0.234, -0.147, -16, 0.229, 0.138, 7, 0.2, 0.086, 30, 0.234, 0.147, 16, 0.229, -0.137, -7, 0.2, -0.086, -30, -1.0, 60.0, -1.0, 60.0, -1.0, 60.0, 
1, 8, 5.04482686624, 6, 0.034, 0.14, 72, 0.205, 0.098, 5, 0.203, -0.09, 20, 0.034, -0.139, -72, 0.205, -0.098, -5, 0.203, 0.09, -20, -1.0, 60.0, -1.0, 31.3326641105, -1.0, 60.0, 
1, 19, 3.95236669823, 6, 0.16, -0.142, -84, 0.03, 0.124, 73, 0.182, -0.114, -40, 0.16, 0.142, 84, 0.03, -0.124, -73, 0.182, 0.115, 40, -1.0, 21.2950313449, -1.0, 31.1913958815, -1.0, 60.0, 
1, 28, 4.16092364765, 6, 0.052, 0.111, 43, 0.239, -0.142, -24, 0.247, -0.068, -18, 0.052, -0.111, -43, 0.239, 0.143, 24, 0.247, 0.068, 18, -1.0, 32.3212640823, -1.0, 10.8256003982, -1.0, 72.6789096691, 
1, 16, 3.73022885854, 6, 0.106, -0.149, -41, 0.098, -0.106, -71, 0.072, 0.139, 64, 0.106, 0.149, 41, 0.098, 0.107, 71, 0.072, -0.138, -64, -1.0, 21.8325420603, -1.0, 21.8979912899, -1.0, 60.0, 
1, 20, 4.26925146219, 6, 0.228, -0.002, -13, 0.014, -0.138, -83, 0.239, 0.098, -8, 0.228, 0.002, 13, 0.014, 0.138, 83, 0.239, -0.098, 8, -1.0, 60.0, -1.0, 10.9837690098, -1.0, 50.9142724802, 
1, 15, 4.80162643166, 6, 0.206, -0.109, -79, 0.228, -0.106, -20, 0.217, 0.145, 22, 0.206, 0.11, 79, 0.228, 0.106, 20, 0.217, -0.145, -22, -1.0, 60.0, -1.0, 21.7220781807, -1.0, 60.0, 
1, 25, 5.88, 6, 0.238, 0.131, 17, 0.247, -0.018, -6, 0.236, -0.135, -23, 0.238, -0.131, -17, 0.247, 0.018, 6, 0.236, 0.135, 23, -1.0, 60.0, -1.0, 60.0, -1.0, 60.0, 
1, 14, 5.88, 6, 0.234, -0.147, -16, 0.229, 0.138, 7, 0.2, 0.086, 30, 0.234, 0.147, 16, 0.229, -0.137, -7, 0.2, -0.086, -30, -1.0, 60.0, -1.0, 60.0, -1.0, 60.0, 
1, 5, 4.88195355544, 6, 0.238, -0.036, -4, 0.205, -0.147, -23, 0.231, 0.112, 67, 0.238, 0.036, 4, 0.205, 0.147, 23, 0.231, -0.111, -67, -1.0, 60.0, -1.0, 24.9781403062, -1.0, 60.0, 
1, 7, 5.03548025789, 6, 0.19, -0.119, -81, 0.21, -0.012, 22, 0.248, -0.034, 30, 0.19, 0.119, 81, 0.21, 0.012, -22, 0.248, 0.034, -30, -1.0, 60.0, -1.0, 30.9763435849, -1.0, 60.0, 
1, 25, 5.88, 6, 0.238, 0.131, 17, 0.247, -0.018, -6, 0.236, -0.135, -23, 0.238, -0.131, -17, 0.247, 0.018, 6, 0.236, 0.135, 23, -1.0, 60.0, -1.0, 60.0, -1.0, 60.0, 
1, 11, 3.74223111516, 6, 0.244, -0.072, 27, 0.229, -0.1, -40, 0.233, -0.11, -75, 0.244, 0.072, -27, 0.229, 0.1, 40, 0.233, 0.111, 75, -1.0, 60.0, -1.0, 21.9346621195, -1.0, 22.2875681555, 
1, 0, 4.28726638803, 6, 0.205, -0.02, 21, 0.08, 0.146, 50, 0.211, 0.127, 73, 0.205, 0.02, -21, 0.08, -0.146, -50, 0.211, -0.127, -73, -1.0, 60.0, -1.0, 11.4158877155, -1.0, 51.1924728447, 
1, 0, 4.28726638803, 6, 0.205, -0.02, 21, 0.08, 0.146, 50, 0.211, 0.127, 73, 0.205, 0.02, -21, 0.08, -0.146, -50, 0.211, -0.127, -73, -1.0, 60.0, -1.0, 11.4158877155, -1.0, 51.1924728447, 
1, 4, 4.83478866741, 6, 0.126, 0.114, 63, 0.068, -0.1, -49, 0.04, -0.118, -54, 0.126, -0.114, -63, 0.068, 0.1, 49, 0.04, 0.119, 54, -1.0, 60.0, -1.0, 23.076751152, -1.0, 60.0, 
1, 25, 5.88, 6, 0.238, 0.131, 17, 0.247, -0.018, -6, 0.236, -0.135, -23, 0.238, -0.131, -17, 0.247, 0.018, 6, 0.236, 0.135, 23, -1.0, 60.0, -1.0, 60.0, -1.0, 60.0, 
1, 24, 4.54506983539, 6, 0.241, -0.102, -16, 0.1, -0.121, -87, 0.248, 0.106, 35, 0.241, 0.102, 16, 0.1, 0.122, 87, 0.248, -0.105, -35, -1.0, 60.0, -1.0, 10.6828729021, -1.0, 60.0, 
1, 14, 5.88, 6, 0.234, -0.147, -16, 0.229, 0.138, 7, 0.2, 0.086, 30, 0.234, 0.147, 16, 0.229, -0.137, -7, 0.2, -0.086, -30, -1.0, 60.0, -1.0, 60.0, -1.0, 60.0, 
1, 5, 4.88195355544, 6, 0.238, -0.036, -4, 0.205, -0.147, -23, 0.231, 0.112, 67, 0.238, 0.036, 4, 0.205, 0.147, 23, 0.231, -0.111, -67, -1.0, 60.0, -1.0, 24.9781403062, -1.0, 60.0, 
1, 29, 4.70363468541, 6, 0.228, 0.148, 74, 0.03, -0.145, -41, 0.206, -0.088, -30, 0.228, -0.148, -74, 0.03, 0.146, 41, 0.206, 0.088, 30, -1.0, 60.0, -1.0, 17.6280019983, -1.0, 60.0, 
1, 27, 4.35387225301, 6, 0.231, 0.118, 4, 0.208, 0.103, 2, 0.246, -0.12, -31, 0.231, -0.118, -4, 0.208, -0.103, -2, 0.246, 0.12, 31, -1.0, 60.0, -1.0, 1.67950889989, -1.0, 60.0, 
1, 28, 4.16092364765, 6, 0.052, 0.111, 43, 0.239, -0.142, -24, 0.247, -0.068, -18, 0.052, -0.111, -43, 0.239, 0.143, 24, 0.247, 0.068, 18, -1.0, 32.3212640823, -1.0, 10.8256003982, -1.0, 72.6789096691, 
1, 25, 5.88, 6, 0.238, 0.131, 17, 0.247, -0.018, -6, 0.236, -0.135, -23, 0.238, -0.131, -17, 0.247, 0.018, 6, 0.236, 0.135, 23, -1.0, 60.0, -1.0, 60.0, -1.0, 60.0, 
1, 3, 3.66079894101, 6, 0.229, -0.105, -85, 0.082, -0.12, -61, 0.06, 0.141, 88, 0.229, 0.106, 85, 0.082, 0.12, 61, 0.06, -0.141, -88, -1.0, 11.5789114907, -1.0, 11.9013918333, -1.0, 72.1517192085, 
1, 27, 4.35387225301, 6, 0.231, 0.118, 4, 0.208, 0.103, 2, 0.246, -0.12, -31, 0.231, -0.118, -4, 0.208, -0.103, -2, 0.246, 0.12, 31, -1.0, 60.0, -1.0, 1.67950889989, -1.0, 60.0, 
1, 19, 3.95236669823, 6, 0.16, -0.142, -84, 0.03, 0.124, 73, 0.182, -0.114, -40, 0.16, 0.142, 84, 0.03, -0.124, -73, 0.182, 0.115, 40, -1.0, 21.2950313449, -1.0, 31.1913958815, -1.0, 60.0, 
1, 1, 4.78732532355, 6, 0.02, 0.111, 43, 0.241, -0.11, -19, 0.232, 0.046, -22, 0.02, -0.11, -43, 0.241, 0.11, 19, 0.232, -0.046, 22, -1.0, 60.0, -1.0, 21.1332045128, -1.0, 60.0, 
1, 7, 5.03548025789, 6, 0.19, -0.119, -81, 0.21, -0.012, 22, 0.248, -0.034, 30, 0.19, 0.119, 81, 0.21, 0.012, -22, 0.248, 0.034, -30, -1.0, 60.0, -1.0, 30.9763435849, -1.0, 60.0, 
1, 25, 5.88, 6, 0.238, 0.131, 17, 0.247, -0.018, -6, 0.236, -0.135, -23, 0.238, -0.131, -17, 0.247, 0.018, 6, 0.236, 0.135, 23, -1.0, 60.0, -1.0, 60.0, -1.0, 60.0, 
2, 30, 5.0428053448, 6, 0.238, 0.131, 17, 0.247, -0.018, -6, 0.217, 0.145, 22, 0.238, -0.131, -17, 0.247, 0.018, 6, 0.217, -0.145, -22, -1.0, 60.0, -1.0, 31.2556796789, -1.0, 60.0, 
2, 25, 5.88, 6, 0.238, 0.131, 17, 0.247, -0.018, -6, 0.236, -0.135, -23, 0.238, -0.131, -17, 0.247, 0.018, 6, 0.236, 0.135, 23, -1.0, 60.0, -1.0, 60.0, -1.0, 60.0, 
2, 25, 5.88, 6, 0.238, 0.131, 17, 0.247, -0.018, -6, 0.236, -0.135, -23, 0.238, -0.131, -17, 0.247, 0.018, 6, 0.236, 0.135, 23, -1.0, 60.0, -1.0, 60.0, -1.0, 60.0, 
2, 14, 5.88, 6, 0.234, -0.147, -16, 0.229, 0.138, 7, 0.2, 0.086, 30, 0.234, 0.147, 16, 0.229, -0.137, -7, 0.2, -0.086, -30, -1.0, 60.0, -1.0, 60.0, -1.0, 60.0, 
2, 7, 5.03548025789, 6, 0.19, -0.119, -81, 0.21, -0.012, 22, 0.248, -0.034, 30, 0.19, 0.119, 81, 0.21, 0.012, -22, 0.248, 0.034, -30, -1.0, 60.0, -1.0, 30.9763435849, -1.0, 60.0, 
2, 7, 5.03548025789, 6, 0.19, -0.119, -81, 0.21, -0.012, 22, 0.248, -0.034, 30, 0.19, 0.119, 81, 0.21, 0.012, -22, 0.248, 0.034, -30, -1.0, 60.0, -1.0, 30.9763435849, -1.0, 60.0, 
2, 25, 5.88, 6, 0.238, 0.131, 17, 0.247, -0.018, -6, 0.236, -0.135, -23, 0.238, -0.131, -17, 0.247, 0.018, 6, 0.236, 0.135, 23, -1.0, 60.0, -1.0, 60.0, -1.0, 60.0, 
2, 25, 5.88, 6, 0.238, 0.131, 17, 0.247, -0.018, -6, 0.236, -0.135, -23, 0.238, -0.131, -17, 0.247, 0.018, 6, 0.236, 0.135, 23, -1.0, 60.0, -1.0, 60.0, -1.0, 60.0, 
2, 5, 4.88195355544, 6, 0.238, -0.036, -4, 0.205, -0.147, -23, 0.231, 0.112, 67, 0.238, 0.036, 4, 0.205, 0.147, 23, 0.231, -0.111, -67, -1.0, 60.0, -1.0, 24.9781403062, -1.0, 60.0, 
2, 8, 5.04482686624, 6, 0.034, 0.14, 72, 0.205, 0.098, 5, 0.203, -0.09, 20, 0.034, -0.139, -72, 0.205, -0.098, -5, 0.203, 0.09, -20, -1.0, 60.0, -1.0, 31.3326641105, -1.0, 60.0, 
2, 7, 5.03548025789, 6, 0.19, -0.119, -81, 0.21, -0.012, 22, 0.248, -0.034, 30, 0.19, 0.119, 81, 0.21, 0.012, -22, 0.248, 0.034, -30, -1.0, 60.0, -1.0, 30.9763435849, -1.0, 60.0, 
2, 7, 5.03548025789, 6, 0.19, -0.119, -81, 0.21, -0.012, 22, 0.248, -0.034, 30, 0.19, 0.119, 81, 0.21, 0.012, -22, 0.248, 0.034, -30, -1.0, 60.0, -1.0, 30.9763435849, -1.0, 60.0, 
2, 37, 5.03282417597, 6, 0.241, -0.102, -16, 0.205, 0.098, 5, 0.203, -0.09, 20, 0.241, 0.102, 16, 0.205, -0.098, -5, 0.203, 0.09, -20, -1.0, 60.0, -1.0, 30.8749088239, -1.0, 60.0, 
2, 15, 4.80162643166, 6, 0.206, -0.109, -79, 0.228, -0.106, -20, 0.217, 0.145, 22, 0.206, 0.11, 79, 0.228, 0.106, 20, 0.217, -0.145, -22, -1.0, 60.0, -1.0, 21.7220781807, -1.0, 60.0, 
2, 14, 5.88, 6, 0.234, -0.147, -16, 0.229, 0.138, 7, 0.2, 0.086, 30, 0.234, 0.147, 16, 0.229, -0.137, -7, 0.2, -0.086, -30, -1.0, 60.0, -1.0, 60.0, -1.0, 60.0, 
2, 33, 4.79743078994, 6, 0.052, 0.111, 43, 0.239, -0.142, -24, 0.236, -0.135, -23, 0.052, -0.111, -43, 0.239, 0.143, 24, 0.236, 0.135, 23, -1.0, 60.0, -1.0, 21.5496108566, -1.0, 60.0, 
2, 14, 5.88, 6, 0.234, -0.147, -16, 0.229, 0.138, 7, 0.2, 0.086, 30, 0.234, 0.147, 16, 0.229, -0.137, -7, 0.2, -0.086, -30, -1.0, 60.0, -1.0, 60.0, -1.0, 60.0, 
2, 24, 4.54506983539, 6, 0.241, -0.102, -16, 0.1, -0.121, -87, 0.248, 0.106, 35, 0.241, 0.102, 16, 0.1, 0.122, 87, 0.248, -0.105, -35, -1.0, 60.0, -1.0, 10.6828729021, -1.0, 60.0, 
2, 37, 5.03282417597, 6, 0.241, -0.102, -16, 0.205, 0.098, 5, 0.203, -0.09, 20, 0.241, 0.102, 16, 0.205, -0.098, -5, 0.203, 0.09, -20, -1.0, 60.0, -1.0, 30.8749088239, -1.0, 60.0, 
2, 5, 4.88195355544, 6, 0.238, -0.036, -4, 0.205, -0.147, -23, 0.231, 0.112, 67, 0.238, 0.036, 4, 0.205, 0.147, 23, 0.231, -0.111, -67, -1.0, 60.0, -1.0, 24.9781403062, -1.0, 60.0, 
2, 16, 3.73022885854, 6, 0.106, -0.149, -41, 0.098, -0.106, -71, 0.072, 0.139, 64, 0.106, 0.149, 41, 0.098, 0.107, 71, 0.072, -0.138, -64, -1.0, 21.8325420603, -1.0, 21.8979912899, -1.0, 60.0, 
2, 25, 5.88, 6, 0.238, 0.131, 17, 0.247, -0.018, -6, 0.236, -0.135, -23, 0.238, -0.131, -17, 0.247, 0.018, 6, 0.236, 0.135, 23, -1.0, 60.0, -1.0, 60.0, -1.0, 60.0, 
2, 27, 4.35387225301, 6, 0.231, 0.118, 4, 0.208, 0.103, 2, 0.246, -0.12, -31, 0.231, -0.118, -4, 0.208, -0.103, -2, 0.246, 0.12, 31, -1.0, 60.0, -1.0, 1.67950889989, -1.0, 60.0, 
2, 32, 4.20150327456, 6, 0.238, 0.131, 17, 0.247, -0.018, -6, 0.247, -0.068, -18, 0.238, -0.131, -17, 0.247, 0.018, 6, 0.247, 0.068, 18, -1.0, 60.0, -1.0, 30.8536758101, -1.0, 31.5003736593, 
2, 15, 4.80162643166, 6, 0.206, -0.109, -79, 0.228, -0.106, -20, 0.217, 0.145, 22, 0.206, 0.11, 79, 0.228, 0.106, 20, 0.217, -0.145, -22, -1.0, 60.0, -1.0, 21.7220781807, -1.0, 60.0, 
2, 25, 5.88, 6, 0.238, 0.131, 17, 0.247, -0.018, -6, 0.236, -0.135, -23, 0.238, -0.131, -17, 0.247, 0.018, 6, 0.236, 0.135, 23, -1.0, 60.0, -1.0, 60.0, -1.0, 60.0, 
2, 25, 5.88, 6, 0.238, 0.131, 17, 0.247, -0.018, -6, 0.236, -0.135, -23, 0.238, -0.131, -17, 0.247, 0.018, 6, 0.236, 0.135, 23, -1.0, 60.0, -1.0, 60.0, -1.0, 60.0, 
2, 8, 5.04482686624, 6, 0.034, 0.14, 72, 0.205, 0.098, 5, 0.203, -0.09, 20, 0.034, -0.139, -72, 0.205, -0.098, -5, 0.203, 0.09, -20, -1.0, 60.0, -1.0, 31.3326641105, -1.0, 60.0, 
2, 37, 5.03282417597, 6, 0.241, -0.102, -16, 0.205, 0.098, 5, 0.203, -0.09, 20, 0.241, 0.102, 16, 0.205, -0.098, -5, 0.203, 0.09, -20, -1.0, 60.0, -1.0, 30.8749088239, -1.0, 60.0, 
2, 25, 5.88, 6, 0.238, 0.131, 17, 0.247, -0.018, -6, 0.236, -0.135, -23, 0.238, -0.131, -17, 0.247, 0.018, 6, 0.236, 0.135, 23, -1.0, 60.0, -1.0, 60.0, -1.0, 60.0, 
3, 38, 5.88, 6, 0.238, 0.131, 17, 0.247, -0.018, -6, 0.248, -0.034, 30, 0.238, -0.131, -17, 0.247, 0.018, 6, 0.248, 0.034, -30, -1.0, 60.0, -1.0, 60.0, -1.0, 60.0, 
3, 14, 5.88, 6, 0.234, -0.147, -16, 0.229, 0.138, 7, 0.2, 0.086, 30, 0.234, 0.147, 16, 0.229, -0.137, -7, 0.2, -0.086, -30, -1.0, 60.0, -1.0, 60.0, -1.0, 60.0, 
3, 25, 5.88, 6, 0.238, 0.131, 17, 0.247, -0.018, -6, 0.236, -0.135, -23, 0.238, -0.131, -17, 0.247, 0.018, 6, 0.236, 0.135, 23, -1.0, 60.0, -1.0, 60.0, -1.0, 60.0, 
3, 25, 5.88, 6, 0.238, 0.131, 17, 0.247, -0.018, -6, 0.236, -0.135, -23, 0.238, -0.131, -17, 0.247, 0.018, 6, 0.236, 0.135, 23, -1.0, 60.0, -1.0, 60.0, -1.0, 60.0, 
3, 7, 5.03548025789, 6, 0.19, -0.119, -81, 0.21, -0.012, 22, 0.248, -0.034, 30, 0.19, 0.119, 81, 0.21, 0.012, -22, 0.248, 0.034, -30, -1.0, 60.0, -1.0, 30.9763435849, -1.0, 60.0, 
3, 25, 5.88, 6, 0.238, 0.131, 17, 0.247, -0.018, -6, 0.236, -0.135, -23, 0.238, -0.131, -17, 0.247, 0.018, 6, 0.236, 0.135, 23, -1.0, 60.0, -1.0, 60.0, -1.0, 60.0, 
3, 37, 5.03282417597, 6, 0.241, -0.102, -16, 0.205, 0.098, 5, 0.203, -0.09, 20, 0.241, 0.102, 16, 0.205, -0.098, -5, 0.203, 0.09, -20, -1.0, 60.0, -1.0, 30.8749088239, -1.0, 60.0, 
3, 45, 4.61520466557, 6, 0.238, 0.131, 17, 0.247, -0.018, -6, 0.236, -0.135, -23, 0.238, -0.131, -17, 0.247, 0.018, 6, 0.236, 0.135, 23, -1.0, 61.1773710754, -1.0, 60.0, -1.0, 12.1334103153, 
3, 25, 5.88, 6, 0.238, 0.131, 17, 0.247, -0.018, -6, 0.236, -0.135, -23, 0.238, -0.131, -17, 0.247, 0.018, 6, 0.236, 0.135, 23, -1.0, 60.0, -1.0, 60.0, -1.0, 60.0, 
3, 8, 5.04482686624, 6, 0.034, 0.14, 72, 0.205, 0.098, 5, 0.203, -0.09, 20, 0.034, -0.139, -72, 0.205, -0.098, -5, 0.203, 0.09, -20, -1.0, 60.0, -1.0, 31.3326641105, -1.0, 60.0, 
3, 14, 5.88, 6, 0.234, -0.147, -16, 0.229, 0.138, 7, 0.2, 0.086, 30, 0.234, 0.147, 16, 0.229, -0.137, -7, 0.2, -0.086, -30, -1.0, 60.0, -1.0, 60.0, -1.0, 60.0, 
3, 38, 5.88, 6, 0.238, 0.131, 17, 0.247, -0.018, -6, 0.248, -0.034, 30, 0.238, -0.131, -17, 0.247, 0.018, 6, 0.248, 0.034, -30, -1.0, 60.0, -1.0, 60.0, -1.0, 60.0, 
3, 25, 5.88, 6, 0.238, 0.131, 17, 0.247, -0.018, -6, 0.236, -0.135, -23, 0.238, -0.131, -17, 0.247, 0.018, 6, 0.236, 0.135, 23, -1.0, 60.0, -1.0, 60.0, -1.0, 60.0, 
3, 14, 5.88, 6, 0.234, -0.147, -16, 0.229, 0.138, 7, 0.2, 0.086, 30, 0.234, 0.147, 16, 0.229, -0.137, -7, 0.2, -0.086, -30, -1.0, 60.0, -1.0, 60.0, -1.0, 60.0, 
3, 7, 5.03548025789, 6, 0.19, -0.119, -81, 0.21, -0.012, 22, 0.248, -0.034, 30, 0.19, 0.119, 81, 0.21, 0.012, -22, 0.248, 0.034, -30, -1.0, 60.0, -1.0, 30.9763435849, -1.0, 60.0, 
3, 25, 5.88, 6, 0.238, 0.131, 17, 0.247, -0.018, -6, 0.236, -0.135, -23, 0.238, -0.131, -17, 0.247, 0.018, 6, 0.236, 0.135, 23, -1.0, 60.0, -1.0, 60.0, -1.0, 60.0, 
3, 25, 5.88, 6, 0.238, 0.131, 17, 0.247, -0.018, -6, 0.236, -0.135, -23, 0.238, -0.131, -17, 0.247, 0.018, 6, 0.236, 0.135, 23, -1.0, 60.0, -1.0, 60.0, -1.0, 60.0, 
3, 44, 5.88, 6, 0.238, 0.131, 17, 0.247, -0.018, -6, 0.217, 0.145, 22, 0.238, -0.131, -17, 0.247, 0.018, 6, 0.217, -0.145, -22, -1.0, 60.0, -1.0, 60.0, -1.0, 60.0, 
3, 8, 5.04482686624, 6, 0.034, 0.14, 72, 0.205, 0.098, 5, 0.203, -0.09, 20, 0.034, -0.139, -72, 0.205, -0.098, -5, 0.203, 0.09, -20, -1.0, 60.0, -1.0, 31.3326641105, -1.0, 60.0, 
3, 15, 4.80162643166, 6, 0.206, -0.109, -79, 0.228, -0.106, -20, 0.217, 0.145, 22, 0.206, 0.11, 79, 0.228, 0.106, 20, 0.217, -0.145, -22, -1.0, 60.0, -1.0, 21.7220781807, -1.0, 60.0, 
3, 40, 5.88, 6, 0.238, 0.131, 17, 0.247, -0.018, -6, 0.236, -0.135, -23, 0.238, -0.131, -17, 0.247, 0.018, 6, 0.236, 0.135, 23, -1.0, 60.0, -1.0, 60.0, -1.0, 60.0, 
3, 7, 5.03548025789, 6, 0.19, -0.119, -81, 0.21, -0.012, 22, 0.248, -0.034, 30, 0.19, 0.119, 81, 0.21, 0.012, -22, 0.248, 0.034, -30, -1.0, 60.0, -1.0, 30.9763435849, -1.0, 60.0, 
3, 41, 4.57692853994, 6, 0.238, 0.131, 17, 0.247, -0.018, -6, 0.236, -0.135, -23, 0.238, -0.131, -17, 0.247, 0.018, 6, 0.236, 0.135, 23, -1.0, 60.0, -1.0, 60.0, -1.0, 12.11282442, 
3, 7, 5.03548025789, 6, 0.19, -0.119, -81, 0.21, -0.012, 22, 0.248, -0.034, 30, 0.19, 0.119, 81, 0.21, 0.012, -22, 0.248, 0.034, -30, -1.0, 60.0, -1.0, 30.9763435849, -1.0, 60.0, 
3, 8, 5.04482686624, 6, 0.034, 0.14, 72, 0.205, 0.098, 5, 0.203, -0.09, 20, 0.034, -0.139, -72, 0.205, -0.098, -5, 0.203, 0.09, -20, -1.0, 60.0, -1.0, 31.3326641105, -1.0, 60.0, 
3, 25, 5.88, 6, 0.238, 0.131, 17, 0.247, -0.018, -6, 0.236, -0.135, -23, 0.238, -0.131, -17, 0.247, 0.018, 6, 0.236, 0.135, 23, -1.0, 60.0, -1.0, 60.0, -1.0, 60.0, 
3, 14, 5.88, 6, 0.234, -0.147, -16, 0.229, 0.138, 7, 0.2, 0.086, 30, 0.234, 0.147, 16, 0.229, -0.137, -7, 0.2, -0.086, -30, -1.0, 60.0, -1.0, 60.0, -1.0, 60.0, 
3, 25, 5.88, 6, 0.238, 0.131, 17, 0.247, -0.018, -6, 0.236, -0.135, -23, 0.238, -0.131, -17, 0.247, 0.018, 6, 0.236, 0.135, 23, -1.0, 60.0, -1.0, 60.0, -1.0, 60.0, 
3, 27, 4.35387225301, 6, 0.231, 0.118, 4, 0.208, 0.103, 2, 0.246, -0.12, -31, 0.231, -0.118, -4, 0.208, -0.103, -2, 0.246, 0.12, 31, -1.0, 60.0, -1.0, 1.67950889989, -1.0, 60.0, 
3, 25, 5.88, 6, 0.238, 0.131, 17, 0.247, -0.018, -6, 0.236, -0.135, -23, 0.238, -0.131, -17, 0.247, 0.018, 6, 0.236, 0.135, 23, -1.0, 60.0, -1.0, 60.0, -1.0, 60.0, 
4, 49, 5.03987269638, 6, 0.238, 0.131, 17, 0.247, -0.018, -6, 0.236, -0.135, -23, 0.238, -0.131, -17, 0.247, 0.018, 6, 0.236, 0.135, 23, -1.0, 60.0, -1.0, 31.1439169912, -1.0, 60.0, 
4, 25, 5.88, 6, 0.238, 0.131, 17, 0.247, -0.018, -6, 0.236, -0.135, -23, 0.238, -0.131, -17, 0.247, 0.018, 6, 0.236, 0.135, 23, -1.0, 60.0, -1.0, 60.0, -1.0, 60.0, 
4, 8, 5.04482686624, 6, 0.034, 0.14, 72, 0.205, 0.098, 5, 0.203, -0.09, 20, 0.034, -0.139, -72, 0.205, -0.098, -5, 0.203, 0.09, -20, -1.0, 60.0, -1.0, 31.3326641105, -1.0, 60.0, 
4, 14, 5.88, 6, 0.234, -0.147, -16, 0.229, 0.138, 7, 0.2, 0.086, 30, 0.234, 0.147, 16, 0.229, -0.137, -7, 0.2, -0.086, -30, -1.0, 60.0, -1.0, 60.0, -1.0, 60.0, 
4, 25, 5.88, 6, 0.238, 0.131, 17, 0.247, -0.018, -6, 0.236, -0.135, -23, 0.238, -0.131, -17, 0.247, 0.018, 6, 0.236, 0.135, 23, -1.0, 60.0, -1.0, 60.0, -1.0, 60.0, 
4, 25, 5.88, 6, 0.238, 0.131, 17, 0.247, -0.018, -6, 0.236, -0.135, -23, 0.238, -0.131, -17, 0.247, 0.018, 6, 0.236, 0.135, 23, -1.0, 60.0, -1.0, 60.0, -1.0, 60.0, 
4, 25, 5.88, 6, 0.238, 0.131, 17, 0.247, -0.018, -6, 0.236, -0.135, -23, 0.238, -0.131, -17, 0.247, 0.018, 6, 0.236, 0.135, 23, -1.0, 60.0, -1.0, 60.0, -1.0, 60.0, 
4, 25, 5.88, 6, 0.238, 0.131, 17, 0.247, -0.018, -6, 0.236, -0.135, -23, 0.238, -0.131, -17, 0.247, 0.018, 6, 0.236, 0.135, 23, -1.0, 60.0, -1.0, 60.0, -1.0, 60.0, 
4, 8, 5.04482686624, 6, 0.034, 0.14, 72, 0.205, 0.098, 5, 0.203, -0.09, 20, 0.034, -0.139, -72, 0.205, -0.098, -5, 0.203, 0.09, -20, -1.0, 60.0, -1.0, 31.3326641105, -1.0, 60.0, 
4, 37, 5.03282417597, 6, 0.241, -0.102, -16, 0.205, 0.098, 5, 0.203, -0.09, 20, 0.241, 0.102, 16, 0.205, -0.098, -5, 0.203, 0.09, -20, -1.0, 60.0, -1.0, 30.8749088239, -1.0, 60.0, 
4, 7, 5.03548025789, 6, 0.19, -0.119, -81, 0.21, -0.012, 22, 0.248, -0.034, 30, 0.19, 0.119, 81, 0.21, 0.012, -22, 0.248, 0.034, -30, -1.0, 60.0, -1.0, 30.9763435849, -1.0, 60.0, 
4, 8, 5.04482686624, 6, 0.034, 0.14, 72, 0.205, 0.098, 5, 0.203, -0.09, 20, 0.034, -0.139, -72, 0.205, -0.098, -5, 0.203, 0.09, -20, -1.0, 60.0, -1.0, 31.3326641105, -1.0, 60.0, 
4, 25, 5.88, 6, 0.238, 0.131, 17, 0.247, -0.018, -6, 0.236, -0.135, -23, 0.238, -0.131, -17, 0.247, 0.018, 6, 0.236, 0.135, 23, -1.0, 60.0, -1.0, 60.0, -1.0, 60.0, 
4, 14, 5.88, 6, 0.234, -0.147, -16, 0.229, 0.138, 7, 0.2, 0.086, 30, 0.234, 0.147, 16, 0.229, -0.137, -7, 0.2, -0.086, -30, -1.0, 60.0, -1.0, 60.0, -1.0, 60.0, 
4, 25, 5.88, 6, 0.238, 0.131, 17, 0.247, -0.018, -6, 0.236, -0.135, -23, 0.238, -0.131, -17, 0.247, 0.018, 6, 0.236, 0.135, 23, -1.0, 60.0, -1.0, 60.0, -1.0, 60.0, 
4, 25, 5.88, 6, 0.238, 0.131, 17, 0.247, -0.018, -6, 0.236, -0.135, -23, 0.238, -0.131, -17, 0.247, 0.018, 6, 0.236, 0.135, 23, -1.0, 60.0, -1.0, 60.0, -1.0, 60.0, 
4, 14, 5.88, 6, 0.234, -0.147, -16, 0.229, 0.138, 7, 0.2, 0.086, 30, 0.234, 0.147, 16, 0.229, -0.137, -7, 0.2, -0.086, -30, -1.0, 60.0, -1.0, 60.0, -1.0, 60.0, 
4, 25, 5.88, 6, 0.238, 0.131, 17, 0.247, -0.018, -6, 0.236, -0.135, -23, 0.238, -0.131, -17, 0.247, 0.018, 6, 0.236, 0.135, 23, -1.0, 60.0, -1.0, 60.0, -1.0, 60.0, 
4, 37, 5.03282417597, 6, 0.241, -0.102, -16, 0.205, 0.098, 5, 0.203, -0.09, 20, 0.241, 0.102, 16, 0.205, -0.098, -5, 0.203, 0.09, -20, -1.0, 60.0, -1.0, 30.8749088239, -1.0, 60.0, 
4, 25, 5.88, 6, 0.238, 0.131, 17, 0.247, -0.018, -6, 0.236, -0.135, -23, 0.238, -0.131, -17, 0.247, 0.018, 6, 0.236, 0.135, 23, -1.0, 60.0, -1.0, 60.0, -1.0, 60.0, 
4, 14, 5.88, 6, 0.234, -0.147, -16, 0.229, 0.138, 7, 0.2, 0.086, 30, 0.234, 0.147, 16, 0.229, -0.137, -7, 0.2, -0.086, -30, -1.0, 60.0, -1.0, 60.0, -1.0, 60.0, 
4, 25, 5.88, 6, 0.238, 0.131, 17, 0.247, -0.018, -6, 0.236, -0.135, -23, 0.238, -0.131, -17, 0.247, 0.018, 6, 0.236, 0.135, 23, -1.0, 60.0, -1.0, 60.0, -1.0, 60.0, 
4, 8, 5.04482686624, 6, 0.034, 0.14, 72, 0.205, 0.098, 5, 0.203, -0.09, 20, 0.034, -0.139, -72, 0.205, -0.098, -5, 0.203, 0.09, -20, -1.0, 60.0, -1.0, 31.3326641105, -1.0, 60.0, 
4, 25, 5.88, 6, 0.238, 0.131, 17, 0.247, -0.018, -6, 0.236, -0.135, -23, 0.238, -0.131, -17, 0.247, 0.018, 6, 0.236, 0.135, 23, -1.0, 60.0, -1.0, 60.0, -1.0, 60.0, 
4, 14, 5.88, 6, 0.234, -0.147, -16, 0.229, 0.138, 7, 0.2, 0.086, 30, 0.234, 0.147, 16, 0.229, -0.137, -7, 0.2, -0.086, -30, -1.0, 60.0, -1.0, 60.0, -1.0, 60.0, 
4, 25, 5.88, 6, 0.238, 0.131, 17, 0.247, -0.018, -6, 0.236, -0.135, -23, 0.238, -0.131, -17, 0.247, 0.018, 6, 0.236, 0.135, 23, -1.0, 60.0, -1.0, 60.0, -1.0, 60.0, 
4, 8, 5.04482686624, 6, 0.034, 0.14, 72, 0.205, 0.098, 5, 0.203, -0.09, 20, 0.034, -0.139, -72, 0.205, -0.098, -5, 0.203, 0.09, -20, -1.0, 60.0, -1.0, 31.3326641105, -1.0, 60.0, 
4, 25, 5.88, 6, 0.238, 0.131, 17, 0.247, -0.018, -6, 0.236, -0.135, -23, 0.238, -0.131, -17, 0.247, 0.018, 6, 0.236, 0.135, 23, -1.0, 60.0, -1.0, 60.0, -1.0, 60.0, 
4, 25, 5.88, 6, 0.238, 0.131, 17, 0.247, -0.018, -6, 0.236, -0.135, -23, 0.238, -0.131, -17, 0.247, 0.018, 6, 0.236, 0.135, 23, -1.0, 60.0, -1.0, 60.0, -1.0, 60.0, 
4, 38, 5.88, 6, 0.238, 0.131, 17, 0.247, -0.018, -6, 0.248, -0.034, 30, 0.238, -0.131, -17, 0.247, 0.018, 6, 0.248, 0.034, -30, -1.0, 60.0, -1.0, 60.0, -1.0, 60.0, 
5, 49, 5.03987269638, 6, 0.238, 0.131, 17, 0.247, -0.018, -6, 0.236, -0.135, -23, 0.238, -0.131, -17, 0.247, 0.018, 6, 0.236, 0.135, 23, -1.0, 60.0, -1.0, 31.1439169912, -1.0, 60.0, 
5, 25, 5.88, 6, 0.238, 0.131, 17, 0.247, -0.018, -6, 0.236, -0.135, -23, 0.238, -0.131, -17, 0.247, 0.018, 6, 0.236, 0.135, 23, -1.0, 60.0, -1.0, 60.0, -1.0, 60.0, 
5, 8, 5.04482686624, 6, 0.034, 0.14, 72, 0.205, 0.098, 5, 0.203, -0.09, 20, 0.034, -0.139, -72, 0.205, -0.098, -5, 0.203, 0.09, -20, -1.0, 60.0, -1.0, 31.3326641105, -1.0, 60.0, 
5, 25, 5.88, 6, 0.238, 0.131, 17, 0.247, -0.018, -6, 0.236, -0.135, -23, 0.238, -0.131, -17, 0.247, 0.018, 6, 0.236, 0.135, 23, -1.0, 60.0, -1.0, 60.0, -1.0, 60.0, 
5, 14, 5.88, 6, 0.234, -0.147, -16, 0.229, 0.138, 7, 0.2, 0.086, 30, 0.234, 0.147, 16, 0.229, -0.137, -7, 0.2, -0.086, -30, -1.0, 60.0, -1.0, 60.0, -1.0, 60.0, 
5, 14, 5.88, 6, 0.234, -0.147, -16, 0.229, 0.138, 7, 0.2, 0.086, 30, 0.234, 0.147, 16, 0.229, -0.137, -7, 0.2, -0.086, -30, -1.0, 60.0, -1.0, 60.0, -1.0, 60.0, 
5, 25, 5.88, 6, 0.238, 0.131, 17, 0.247, -0.018, -6, 0.236, -0.135, -23, 0.238, -0.131, -17, 0.247, 0.018, 6, 0.236, 0.135, 23, -1.0, 60.0, -1.0, 60.0, -1.0, 60.0, 
5, 8, 5.04482686624, 6, 0.034, 0.14, 72, 0.205, 0.098, 5, 0.203, -0.09, 20, 0.034, -0.139, -72, 0.205, -0.098, -5, 0.203, 0.09, -20, -1.0, 60.0, -1.0, 31.3326641105, -1.0, 60.0, 
5, 25, 5.88, 6, 0.238, 0.131, 17, 0.247, -0.018, -6, 0.236, -0.135, -23, 0.238, -0.131, -17, 0.247, 0.018, 6, 0.236, 0.135, 23, -1.0, 60.0, -1.0, 60.0, -1.0, 60.0, 
5, 25, 5.88, 6, 0.238, 0.131, 17, 0.247, -0.018, -6, 0.236, -0.135, -23, 0.238, -0.131, -17, 0.247, 0.018, 6, 0.236, 0.135, 23, -1.0, 60.0, -1.0, 60.0, -1.0, 60.0, 
5, 14, 5.88, 6, 0.234, -0.147, -16, 0.229, 0.138, 7, 0.2, 0.086, 30, 0.234, 0.147, 16, 0.229, -0.137, -7, 0.2, -0.086, -30, -1.0, 60.0, -1.0, 60.0, -1.0, 60.0, 
5, 38, 5.88, 6, 0.238, 0.131, 17, 0.247, -0.018, -6, 0.248, -0.034, 30, 0.238, -0.131, -17, 0.247, 0.018, 6, 0.248, 0.034, -30, -1.0, 60.0, -1.0, 60.0, -1.0, 60.0, 
5, 25, 5.88, 6, 0.238, 0.131, 17, 0.247, -0.018, -6, 0.236, -0.135, -23, 0.238, -0.131, -17, 0.247, 0.018, 6, 0.236, 0.135, 23, -1.0, 60.0, -1.0, 60.0, -1.0, 60.0, 
5, 25, 5.88, 6, 0.238, 0.131, 17, 0.247, -0.018, -6, 0.236, -0.135, -23, 0.238, -0.131, -17, 0.247, 0.018, 6, 0.236, 0.135, 23, -1.0, 60.0, -1.0, 60.0, -1.0, 60.0, 
5, 25, 5.88, 6, 0.238, 0.131, 17, 0.247, -0.018, -6, 0.236, -0.135, -23, 0.238, -0.131, -17, 0.247, 0.018, 6, 0.236, 0.135, 23, -1.0, 60.0, -1.0, 60.0, -1.0, 60.0, 
5, 25, 5.88, 6, 0.238, 0.131, 17, 0.247, -0.018, -6, 0.236, -0.135, -23, 0.238, -0.131, -17, 0.247, 0.018, 6, 0.236, 0.135, 23, -1.0, 60.0, -1.0, 60.0, -1.0, 60.0, 
5, 8, 5.04482686624, 6, 0.034, 0.14, 72, 0.205, 0.098, 5, 0.203, -0.09, 20, 0.034, -0.139, -72, 0.205, -0.098, -5, 0.203, 0.09, -20, -1.0, 60.0, -1.0, 31.3326641105, -1.0, 60.0, 
5, 14, 5.88, 6, 0.234, -0.147, -16, 0.229, 0.138, 7, 0.2, 0.086, 30, 0.234, 0.147, 16, 0.229, -0.137, -7, 0.2, -0.086, -30, -1.0, 60.0, -1.0, 60.0, -1.0, 60.0, 
5, 25, 5.88, 6, 0.238, 0.131, 17, 0.247, -0.018, -6, 0.236, -0.135, -23, 0.238, -0.131, -17, 0.247, 0.018, 6, 0.236, 0.135, 23, -1.0, 60.0, -1.0, 60.0, -1.0, 60.0, 
5, 25, 5.88, 6, 0.238, 0.131, 17, 0.247, -0.018, -6, 0.236, -0.135, -23, 0.238, -0.131, -17, 0.247, 0.018, 6, 0.236, 0.135, 23, -1.0, 60.0, -1.0, 60.0, -1.0, 60.0, 
5, 25, 5.88, 6, 0.238, 0.131, 17, 0.247, -0.018, -6, 0.236, -0.135, -23, 0.238, -0.131, -17, 0.247, 0.018, 6, 0.236, 0.135, 23, -1.0, 60.0, -1.0, 60.0, -1.0, 60.0, 
5, 8, 5.04482686624, 6, 0.034, 0.14, 72, 0.205, 0.098, 5, 0.203, -0.09, 20, 0.034, -0.139, -72, 0.205, -0.098, -5, 0.203, 0.09, -20, -1.0, 60.0, -1.0, 31.3326641105, -1.0, 60.0, 
5, 25, 5.88, 6, 0.238, 0.131, 17, 0.247, -0.018, -6, 0.236, -0.135, -23, 0.238, -0.131, -17, 0.247, 0.018, 6, 0.236, 0.135, 23, -1.0, 60.0, -1.0, 60.0, -1.0, 60.0, 
5, 25, 5.88, 6, 0.238, 0.131, 17, 0.247, -0.018, -6, 0.236, -0.135, -23, 0.238, -0.131, -17, 0.247, 0.018, 6, 0.236, 0.135, 23, -1.0, 60.0, -1.0, 60.0, -1.0, 60.0, 
5, 14, 5.88, 6, 0.234, -0.147, -16, 0.229, 0.138, 7, 0.2, 0.086, 30, 0.234, 0.147, 16, 0.229, -0.137, -7, 0.2, -0.086, -30, -1.0, 60.0, -1.0, 60.0, -1.0, 60.0, 
5, 25, 5.88, 6, 0.238, 0.131, 17, 0.247, -0.018, -6, 0.236, -0.135, -23, 0.238, -0.131, -17, 0.247, 0.018, 6, 0.236, 0.135, 23, -1.0, 60.0, -1.0, 60.0, -1.0, 60.0, 
5, 25, 5.88, 6, 0.238, 0.131, 17, 0.247, -0.018, -6, 0.236, -0.135, -23, 0.238, -0.131, -17, 0.247, 0.018, 6, 0.236, 0.135, 23, -1.0, 60.0, -1.0, 60.0, -1.0, 60.0, 
5, 25, 5.88, 6, 0.238, 0.131, 17, 0.247, -0.018, -6, 0.236, -0.135, -23, 0.238, -0.131, -17, 0.247, 0.018, 6, 0.236, 0.135, 23, -1.0, 60.0, -1.0, 60.0, -1.0, 60.0, 
5, 25, 5.88, 6, 0.238, 0.131, 17, 0.247, -0.018, -6, 0.236, -0.135, -23, 0.238, -0.131, -17, 0.247, 0.018, 6, 0.236, 0.135, 23, -1.0, 60.0, -1.0, 60.0, -1.0, 60.0, 
5, 25, 5.88, 6, 0.238, 0.131, 17, 0.247, -0.018, -6, 0.236, -0.135, -23, 0.238, -0.131, -17, 0.247, 0.018, 6, 0.236, 0.135, 23, -1.0, 60.0, -1.0, 60.0, -1.0, 60.0, 
6, 50, 5.04229440158, 6, 0.234, -0.147, -16, 0.229, 0.138, 7, 0.236, -0.135, -23, 0.234, 0.147, 16, 0.229, -0.137, -7, 0.236, 0.135, 23, -1.0, 60.0, -1.0, 31.2362145743, -1.0, 60.0, 
6, 25, 5.88, 6, 0.238, 0.131, 17, 0.247, -0.018, -6, 0.236, -0.135, -23, 0.238, -0.131, -17, 0.247, 0.018, 6, 0.236, 0.135, 23, -1.0, 60.0, -1.0, 60.0, -1.0, 60.0, 
6, 25, 5.88, 6, 0.238, 0.131, 17, 0.247, -0.018, -6, 0.236, -0.135, -23, 0.238, -0.131, -17, 0.247, 0.018, 6, 0.236, 0.135, 23, -1.0, 60.0, -1.0, 60.0, -1.0, 60.0, 
6, 14, 5.88, 6, 0.234, -0.147, -16, 0.229, 0.138, 7, 0.2, 0.086, 30, 0.234, 0.147, 16, 0.229, -0.137, -7, 0.2, -0.086, -30, -1.0, 60.0, -1.0, 60.0, -1.0, 60.0, 
6, 25, 5.88, 6, 0.238, 0.131, 17, 0.247, -0.018, -6, 0.236, -0.135, -23, 0.238, -0.131, -17, 0.247, 0.018, 6, 0.236, 0.135, 23, -1.0, 60.0, -1.0, 60.0, -1.0, 60.0, 
6, 25, 5.88, 6, 0.238, 0.131, 17, 0.247, -0.018, -6, 0.236, -0.135, -23, 0.238, -0.131, -17, 0.247, 0.018, 6, 0.236, 0.135, 23, -1.0, 60.0, -1.0, 60.0, -1.0, 60.0, 
6, 14, 5.88, 6, 0.234, -0.147, -16, 0.229, 0.138, 7, 0.2, 0.086, 30, 0.234, 0.147, 16, 0.229, -0.137, -7, 0.2, -0.086, -30, -1.0, 60.0, -1.0, 60.0, -1.0, 60.0, 
6, 25, 5.88, 6, 0.238, 0.131, 17, 0.247, -0.018, -6, 0.236, -0.135, -23, 0.238, -0.131, -17, 0.247, 0.018, 6, 0.236, 0.135, 23, -1.0, 60.0, -1.0, 60.0, -1.0, 60.0, 
6, 25, 5.88, 6, 0.238, 0.131, 17, 0.247, -0.018, -6, 0.236, -0.135, -23, 0.238, -0.131, -17, 0.247, 0.018, 6, 0.236, 0.135, 23, -1.0, 60.0, -1.0, 60.0, -1.0, 60.0, 
6, 25, 5.88, 6, 0.238, 0.131, 17, 0.247, -0.018, -6, 0.236, -0.135, -23, 0.238, -0.131, -17, 0.247, 0.018, 6, 0.236, 0.135, 23, -1.0, 60.0, -1.0, 60.0, -1.0, 60.0, 
6, 25, 5.88, 6, 0.238, 0.131, 17, 0.247, -0.018, -6, 0.236, -0.135, -23, 0.238, -0.131, -17, 0.247, 0.018, 6, 0.236, 0.135, 23, -1.0, 60.0, -1.0, 60.0, -1.0, 60.0, 
6, 38, 5.88, 6, 0.238, 0.131, 17, 0.247, -0.018, -6, 0.248, -0.034, 30, 0.238, -0.131, -17, 0.247, 0.018, 6, 0.248, 0.034, -30, -1.0, 60.0, -1.0, 60.0, -1.0, 60.0, 
6, 25, 5.88, 6, 0.238, 0.131, 17, 0.247, -0.018, -6, 0.236, -0.135, -23, 0.238, -0.131, -17, 0.247, 0.018, 6, 0.236, 0.135, 23, -1.0, 60.0, -1.0, 60.0, -1.0, 60.0, 
6, 25, 5.88, 6, 0.238, 0.131, 17, 0.247, -0.018, -6, 0.236, -0.135, -23, 0.238, -0.131, -17, 0.247, 0.018, 6, 0.236, 0.135, 23, -1.0, 60.0, -1.0, 60.0, -1.0, 60.0, 
6, 25, 5.88, 6, 0.238, 0.131, 17, 0.247, -0.018, -6, 0.236, -0.135, -23, 0.238, -0.131, -17, 0.247, 0.018, 6, 0.236, 0.135, 23, -1.0, 60.0, -1.0, 60.0, -1.0, 60.0, 
6, 25, 5.88, 6, 0.238, 0.131, 17, 0.247, -0.018, -6, 0.236, -0.135, -23, 0.238, -0.131, -17, 0.247, 0.018, 6, 0.236, 0.135, 23, -1.0, 60.0, -1.0, 60.0, -1.0, 60.0, 
6, 25, 5.88, 6, 0.238, 0.131, 17, 0.247, -0.018, -6, 0.236, -0.135, -23, 0.238, -0.131, -17, 0.247, 0.018, 6, 0.236, 0.135, 23, -1.0, 60.0, -1.0, 60.0, -1.0, 60.0, 
6, 49, 5.03987269638, 6, 0.238, 0.131, 17, 0.247, -0.018, -6, 0.236, -0.135, -23, 0.238, -0.131, -17, 0.247, 0.018, 6, 0.236, 0.135, 23, -1.0, 60.0, -1.0, 31.1439169912, -1.0, 60.0, 
6, 25, 5.88, 6, 0.238, 0.131, 17, 0.247, -0.018, -6, 0.236, -0.135, -23, 0.238, -0.131, -17, 0.247, 0.018, 6, 0.236, 0.135, 23, -1.0, 60.0, -1.0, 60.0, -1.0, 60.0, 
6, 14, 5.88, 6, 0.234, -0.147, -16, 0.229, 0.138, 7, 0.2, 0.086, 30, 0.234, 0.147, 16, 0.229, -0.137, -7, 0.2, -0.086, -30, -1.0, 60.0, -1.0, 60.0, -1.0, 60.0, 
6, 25, 5.88, 6, 0.238, 0.131, 17, 0.247, -0.018, -6, 0.236, -0.135, -23, 0.238, -0.131, -17, 0.247, 0.018, 6, 0.236, 0.135, 23, -1.0, 60.0, -1.0, 60.0, -1.0, 60.0, 
6, 25, 5.88, 6, 0.238, 0.131, 17, 0.247, -0.018, -6, 0.236, -0.135, -23, 0.238, -0.131, -17, 0.247, 0.018, 6, 0.236, 0.135, 23, -1.0, 60.0, -1.0, 60.0, -1.0, 60.0, 
6, 54, 5.04099572385, 6, 0.238, 0.131, 17, 0.247, -0.018, -6, 0.236, -0.135, -23, 0.238, -0.131, -17, 0.247, 0.018, 6, 0.236, 0.135, 23, -1.0, 60.0, -1.0, 31.1867266095, -1.0, 60.0, 
6, 14, 5.88, 6, 0.234, -0.147, -16, 0.229, 0.138, 7, 0.2, 0.086, 30, 0.234, 0.147, 16, 0.229, -0.137, -7, 0.2, -0.086, -30, -1.0, 60.0, -1.0, 60.0, -1.0, 60.0, 
6, 25, 5.88, 6, 0.238, 0.131, 17, 0.247, -0.018, -6, 0.236, -0.135, -23, 0.238, -0.131, -17, 0.247, 0.018, 6, 0.236, 0.135, 23, -1.0, 60.0, -1.0, 60.0, -1.0, 60.0, 
6, 25, 5.88, 6, 0.238, 0.131, 17, 0.247, -0.018, -6, 0.236, -0.135, -23, 0.238, -0.131, -17, 0.247, 0.018, 6, 0.236, 0.135, 23, -1.0, 60.0, -1.0, 60.0, -1.0, 60.0, 
6, 25, 5.88, 6, 0.238, 0.131, 17, 0.247, -0.018, -6, 0.236, -0.135, -23, 0.238, -0.131, -17, 0.247, 0.018, 6, 0.236, 0.135, 23, -1.0, 60.0, -1.0, 60.0, -1.0, 60.0, 
6, 14, 5.88, 6, 0.234, -0.147, -16, 0.229, 0.138, 7, 0.2, 0.086, 30, 0.234, 0.147, 16, 0.229, -0.137, -7, 0.2, -0.086, -30, -1.0, 60.0, -1.0, 60.0, -1.0, 60.0, 
6, 25, 5.88, 6, 0.238, 0.131, 17, 0.247, -0.018, -6, 0.236, -0.135, -23, 0.238, -0.131, -17, 0.247, 0.018, 6, 0.236, 0.135, 23, -1.0, 60.0, -1.0, 60.0, -1.0, 60.0, 
6, 25, 5.88, 6, 0.238, 0.131, 17, 0.247, -0.018, -6, 0.236, -0.135, -23, 0.238, -0.131, -17, 0.247, 0.018, 6, 0.236, 0.135, 23, -1.0, 60.0, -1.0, 60.0, -1.0, 60.0, 
7, 63, 5.88, 6, 0.238, 0.131, 17, 0.247, -0.018, -6, 0.236, -0.135, -23, 0.238, -0.131, -17, 0.247, 0.018, 6, 0.236, 0.135, 23, -1.0, 60.0, -1.0, 60.0, -1.0, 60.0, 
7, 14, 5.88, 6, 0.234, -0.147, -16, 0.229, 0.138, 7, 0.2, 0.086, 30, 0.234, 0.147, 16, 0.229, -0.137, -7, 0.2, -0.086, -30, -1.0, 60.0, -1.0, 60.0, -1.0, 60.0, 
7, 25, 5.88, 6, 0.238, 0.131, 17, 0.247, -0.018, -6, 0.236, -0.135, -23, 0.238, -0.131, -17, 0.247, 0.018, 6, 0.236, 0.135, 23, -1.0, 60.0, -1.0, 60.0, -1.0, 60.0, 
7, 65, 5.88, 6, 0.238, 0.131, 17, 0.247, -0.018, -6, 0.236, -0.135, -23, 0.238, -0.131, -17, 0.247, 0.018, 6, 0.236, 0.135, 23, -1.0, 60.0, -1.0, 60.0, -1.0, 60.0, 
7, 25, 5.88, 6, 0.238, 0.131, 17, 0.247, -0.018, -6, 0.236, -0.135, -23, 0.238, -0.131, -17, 0.247, 0.018, 6, 0.236, 0.135, 23, -1.0, 60.0, -1.0, 60.0, -1.0, 60.0, 
7, 25, 5.88, 6, 0.238, 0.131, 17, 0.247, -0.018, -6, 0.236, -0.135, -23, 0.238, -0.131, -17, 0.247, 0.018, 6, 0.236, 0.135, 23, -1.0, 60.0, -1.0, 60.0, -1.0, 60.0, 
7, 25, 5.88, 6, 0.238, 0.131, 17, 0.247, -0.018, -6, 0.236, -0.135, -23, 0.238, -0.131, -17, 0.247, 0.018, 6, 0.236, 0.135, 23, -1.0, 60.0, -1.0, 60.0, -1.0, 60.0, 
7, 56, 5.88, 6, 0.238, 0.131, 17, 0.247, -0.018, -6, 0.248, -0.034, 30, 0.238, -0.131, -17, 0.247, 0.018, 6, 0.248, 0.034, -30, -1.0, 60.0, -1.0, 60.0, -1.0, 60.0, 
7, 25, 5.88, 6, 0.238, 0.131, 17, 0.247, -0.018, -6, 0.236, -0.135, -23, 0.238, -0.131, -17, 0.247, 0.018, 6, 0.236, 0.135, 23, -1.0, 60.0, -1.0, 60.0, -1.0, 60.0, 
7, 56, 5.88, 6, 0.238, 0.131, 17, 0.247, -0.018, -6, 0.248, -0.034, 30, 0.238, -0.131, -17, 0.247, 0.018, 6, 0.248, 0.034, -30, -1.0, 60.0, -1.0, 60.0, -1.0, 60.0, 
7, 25, 5.88, 6, 0.238, 0.131, 17, 0.247, -0.018, -6, 0.236, -0.135, -23, 0.238, -0.131, -17, 0.247, 0.018, 6, 0.236, 0.135, 23, -1.0, 60.0, -1.0, 60.0, -1.0, 60.0, 
7, 25, 5.88, 6, 0.238, 0.131, 17, 0.247, -0.018, -6, 0.236, -0.135, -23, 0.238, -0.131, -17, 0.247, 0.018, 6, 0.236, 0.135, 23, -1.0, 60.0, -1.0, 60.0, -1.0, 60.0, 
7, 38, 5.88, 6, 0.238, 0.131, 17, 0.247, -0.018, -6, 0.248, -0.034, 30, 0.238, -0.131, -17, 0.247, 0.018, 6, 0.248, 0.034, -30, -1.0, 60.0, -1.0, 60.0, -1.0, 60.0, 
7, 65, 5.88, 6, 0.238, 0.131, 17, 0.247, -0.018, -6, 0.236, -0.135, -23, 0.238, -0.131, -17, 0.247, 0.018, 6, 0.236, 0.135, 23, -1.0, 60.0, -1.0, 60.0, -1.0, 60.0, 
7, 25, 5.88, 6, 0.238, 0.131, 17, 0.247, -0.018, -6, 0.236, -0.135, -23, 0.238, -0.131, -17, 0.247, 0.018, 6, 0.236, 0.135, 23, -1.0, 60.0, -1.0, 60.0, -1.0, 60.0, 
7, 65, 5.88, 6, 0.238, 0.131, 17, 0.247, -0.018, -6, 0.236, -0.135, -23, 0.238, -0.131, -17, 0.247, 0.018, 6, 0.236, 0.135, 23, -1.0, 60.0, -1.0, 60.0, -1.0, 60.0, 
7, 25, 5.88, 6, 0.238, 0.131, 17, 0.247, -0.018, -6, 0.236, -0.135, -23, 0.238, -0.131, -17, 0.247, 0.018, 6, 0.236, 0.135, 23, -1.0, 60.0, -1.0, 60.0, -1.0, 60.0, 
7, 25, 5.88, 6, 0.238, 0.131, 17, 0.247, -0.018, -6, 0.236, -0.135, -23, 0.238, -0.131, -17, 0.247, 0.018, 6, 0.236, 0.135, 23, -1.0, 60.0, -1.0, 60.0, -1.0, 60.0, 
7, 54, 5.04099572385, 6, 0.238, 0.131, 17, 0.247, -0.018, -6, 0.236, -0.135, -23, 0.238, -0.131, -17, 0.247, 0.018, 6, 0.236, 0.135, 23, -1.0, 60.0, -1.0, 31.1867266095, -1.0, 60.0, 
7, 58, 5.88, 6, 0.238, 0.131, 17, 0.247, -0.018, -6, 0.236, -0.135, -23, 0.238, -0.131, -17, 0.247, 0.018, 6, 0.236, 0.135, 23, -1.0, 60.0, -1.0, 60.0, -1.0, 60.0, 
7, 61, 5.88, 6, 0.234, -0.147, -16, 0.229, 0.138, 7, 0.236, -0.135, -23, 0.234, 0.147, 16, 0.229, -0.137, -7, 0.236, 0.135, 23, -1.0, 60.0, -1.0, 60.0, -1.0, 60.0, 
7, 25, 5.88, 6, 0.238, 0.131, 17, 0.247, -0.018, -6, 0.236, -0.135, -23, 0.238, -0.131, -17, 0.247, 0.018, 6, 0.236, 0.135, 23, -1.0, 60.0, -1.0, 60.0, -1.0, 60.0, 
7, 25, 5.88, 6, 0.238, 0.131, 17, 0.247, -0.018, -6, 0.236, -0.135, -23, 0.238, -0.131, -17, 0.247, 0.018, 6, 0.236, 0.135, 23, -1.0, 60.0, -1.0, 60.0, -1.0, 60.0, 
7, 14, 5.88, 6, 0.234, -0.147, -16, 0.229, 0.138, 7, 0.2, 0.086, 30, 0.234, 0.147, 16, 0.229, -0.137, -7, 0.2, -0.086, -30, -1.0, 60.0, -1.0, 60.0, -1.0, 60.0, 
7, 25, 5.88, 6, 0.238, 0.131, 17, 0.247, -0.018, -6, 0.236, -0.135, -23, 0.238, -0.131, -17, 0.247, 0.018, 6, 0.236, 0.135, 23, -1.0, 60.0, -1.0, 60.0, -1.0, 60.0, 
7, 25, 5.88, 6, 0.238, 0.131, 17, 0.247, -0.018, -6, 0.236, -0.135, -23, 0.238, -0.131, -17, 0.247, 0.018, 6, 0.236, 0.135, 23, -1.0, 60.0, -1.0, 60.0, -1.0, 60.0, 
7, 25, 5.88, 6, 0.238, 0.131, 17, 0.247, -0.018, -6, 0.236, -0.135, -23, 0.238, -0.131, -17, 0.247, 0.018, 6, 0.236, 0.135, 23, -1.0, 60.0, -1.0, 60.0, -1.0, 60.0, 
7, 25, 5.88, 6, 0.238, 0.131, 17, 0.247, -0.018, -6, 0.236, -0.135, -23, 0.238, -0.131, -17, 0.247, 0.018, 6, 0.236, 0.135, 23, -1.0, 60.0, -1.0, 60.0, -1.0, 60.0, 
7, 14, 5.88, 6, 0.234, -0.147, -16, 0.229, 0.138, 7, 0.2, 0.086, 30, 0.234, 0.147, 16, 0.229, -0.137, -7, 0.2, -0.086, -30, -1.0, 60.0, -1.0, 60.0, -1.0, 60.0, 
7, 60, 5.88, 6, 0.238, 0.131, 17, 0.247, -0.018, -6, 0.2, 0.086, 30, 0.238, -0.131, -17, 0.247, 0.018, 6, 0.2, -0.086, -30, -1.0, 60.0, -1.0, 60.0, -1.0, 60.0, 
8, 66, 5.04116215993, 6, 0.238, 0.131, 17, 0.247, -0.018, -6, 0.236, -0.135, -23, 0.238, -0.131, -17, 0.247, 0.018, 6, 0.236, 0.135, 23, -1.0, 60.0, -1.0, 31.1930699362, -1.0, 60.0, 
8, 14, 5.88, 6, 0.234, -0.147, -16, 0.229, 0.138, 7, 0.2, 0.086, 30, 0.234, 0.147, 16, 0.229, -0.137, -7, 0.2, -0.086, -30, -1.0, 60.0, -1.0, 60.0, -1.0, 60.0, 
8, 25, 5.88, 6, 0.238, 0.131, 17, 0.247, -0.018, -6, 0.236, -0.135, -23, 0.238, -0.131, -17, 0.247, 0.018, 6, 0.236, 0.135, 23, -1.0, 60.0, -1.0, 60.0, -1.0, 60.0, 
8, 65, 5.88, 6, 0.238, 0.131, 17, 0.247, -0.018, -6, 0.236, -0.135, -23, 0.238, -0.131, -17, 0.247, 0.018, 6, 0.236, 0.135, 23, -1.0, 60.0, -1.0, 60.0, -1.0, 60.0, 
8, 25, 5.88, 6, 0.238, 0.131, 17, 0.247, -0.018, -6, 0.236, -0.135, -23, 0.238, -0.131, -17, 0.247, 0.018, 6, 0.236, 0.135, 23, -1.0, 60.0, -1.0, 60.0, -1.0, 60.0, 
8, 58, 5.88, 6, 0.238, 0.131, 17, 0.247, -0.018, -6, 0.236, -0.135, -23, 0.238, -0.131, -17, 0.247, 0.018, 6, 0.236, 0.135, 23, -1.0, 60.0, -1.0, 60.0, -1.0, 60.0, 
8, 38, 5.88, 6, 0.238, 0.131, 17, 0.247, -0.018, -6, 0.248, -0.034, 30, 0.238, -0.131, -17, 0.247, 0.018, 6, 0.248, 0.034, -30, -1.0, 60.0, -1.0, 60.0, -1.0, 60.0, 
8, 25, 5.88, 6, 0.238, 0.131, 17, 0.247, -0.018, -6, 0.236, -0.135, -23, 0.238, -0.131, -17, 0.247, 0.018, 6, 0.236, 0.135, 23, -1.0, 60.0, -1.0, 60.0, -1.0, 60.0, 
8, 25, 5.88, 6, 0.238, 0.131, 17, 0.247, -0.018, -6, 0.236, -0.135, -23, 0.238, -0.131, -17, 0.247, 0.018, 6, 0.236, 0.135, 23, -1.0, 60.0, -1.0, 60.0, -1.0, 60.0, 
8, 25, 5.88, 6, 0.238, 0.131, 17, 0.247, -0.018, -6, 0.236, -0.135, -23, 0.238, -0.131, -17, 0.247, 0.018, 6, 0.236, 0.135, 23, -1.0, 60.0, -1.0, 60.0, -1.0, 60.0, 
8, 25, 5.88, 6, 0.238, 0.131, 17, 0.247, -0.018, -6, 0.236, -0.135, -23, 0.238, -0.131, -17, 0.247, 0.018, 6, 0.236, 0.135, 23, -1.0, 60.0, -1.0, 60.0, -1.0, 60.0, 
8, 25, 5.88, 6, 0.238, 0.131, 17, 0.247, -0.018, -6, 0.236, -0.135, -23, 0.238, -0.131, -17, 0.247, 0.018, 6, 0.236, 0.135, 23, -1.0, 60.0, -1.0, 60.0, -1.0, 60.0, 
8, 25, 5.88, 6, 0.238, 0.131, 17, 0.247, -0.018, -6, 0.236, -0.135, -23, 0.238, -0.131, -17, 0.247, 0.018, 6, 0.236, 0.135, 23, -1.0, 60.0, -1.0, 60.0, -1.0, 60.0, 
8, 65, 5.88, 6, 0.238, 0.131, 17, 0.247, -0.018, -6, 0.236, -0.135, -23, 0.238, -0.131, -17, 0.247, 0.018, 6, 0.236, 0.135, 23, -1.0, 60.0, -1.0, 60.0, -1.0, 60.0, 
8, 61, 5.88, 6, 0.234, -0.147, -16, 0.229, 0.138, 7, 0.236, -0.135, -23, 0.234, 0.147, 16, 0.229, -0.137, -7, 0.236, 0.135, 23, -1.0, 60.0, -1.0, 60.0, -1.0, 60.0, 
8, 25, 5.88, 6, 0.238, 0.131, 17, 0.247, -0.018, -6, 0.236, -0.135, -23, 0.238, -0.131, -17, 0.247, 0.018, 6, 0.236, 0.135, 23, -1.0, 60.0, -1.0, 60.0, -1.0, 60.0, 
8, 25, 5.88, 6, 0.238, 0.131, 17, 0.247, -0.018, -6, 0.236, -0.135, -23, 0.238, -0.131, -17, 0.247, 0.018, 6, 0.236, 0.135, 23, -1.0, 60.0, -1.0, 60.0, -1.0, 60.0, 
8, 61, 5.88, 6, 0.234, -0.147, -16, 0.229, 0.138, 7, 0.236, -0.135, -23, 0.234, 0.147, 16, 0.229, -0.137, -7, 0.236, 0.135, 23, -1.0, 60.0, -1.0, 60.0, -1.0, 60.0, 
8, 61, 5.88, 6, 0.234, -0.147, -16, 0.229, 0.138, 7, 0.236, -0.135, -23, 0.234, 0.147, 16, 0.229, -0.137, -7, 0.236, 0.135, 23, -1.0, 60.0, -1.0, 60.0, -1.0, 60.0, 
8, 60, 5.88, 6, 0.238, 0.131, 17, 0.247, -0.018, -6, 0.2, 0.086, 30, 0.238, -0.131, -17, 0.247, 0.018, 6, 0.2, -0.086, -30, -1.0, 60.0, -1.0, 60.0, -1.0, 60.0, 
8, 25, 5.88, 6, 0.238, 0.131, 17, 0.247, -0.018, -6, 0.236, -0.135, -23, 0.238, -0.131, -17, 0.247, 0.018, 6, 0.236, 0.135, 23, -1.0, 60.0, -1.0, 60.0, -1.0, 60.0, 
8, 61, 5.88, 6, 0.234, -0.147, -16, 0.229, 0.138, 7, 0.236, -0.135, -23, 0.234, 0.147, 16, 0.229, -0.137, -7, 0.236, 0.135, 23, -1.0, 60.0, -1.0, 60.0, -1.0, 60.0, 
8, 63, 5.88, 6, 0.238, 0.131, 17, 0.247, -0.018, -6, 0.236, -0.135, -23, 0.238, -0.131, -17, 0.247, 0.018, 6, 0.236, 0.135, 23, -1.0, 60.0, -1.0, 60.0, -1.0, 60.0, 
8, 25, 5.88, 6, 0.238, 0.131, 17, 0.247, -0.018, -6, 0.236, -0.135, -23, 0.238, -0.131, -17, 0.247, 0.018, 6, 0.236, 0.135, 23, -1.0, 60.0, -1.0, 60.0, -1.0, 60.0, 
8, 25, 5.88, 6, 0.238, 0.131, 17, 0.247, -0.018, -6, 0.236, -0.135, -23, 0.238, -0.131, -17, 0.247, 0.018, 6, 0.236, 0.135, 23, -1.0, 60.0, -1.0, 60.0, -1.0, 60.0, 
8, 25, 5.88, 6, 0.238, 0.131, 17, 0.247, -0.018, -6, 0.236, -0.135, -23, 0.238, -0.131, -17, 0.247, 0.018, 6, 0.236, 0.135, 23, -1.0, 60.0, -1.0, 60.0, -1.0, 60.0, 
8, 25, 5.88, 6, 0.238, 0.131, 17, 0.247, -0.018, -6, 0.236, -0.135, -23, 0.238, -0.131, -17, 0.247, 0.018, 6, 0.236, 0.135, 23, -1.0, 60.0, -1.0, 60.0, -1.0, 60.0, 
8, 25, 5.88, 6, 0.238, 0.131, 17, 0.247, -0.018, -6, 0.236, -0.135, -23, 0.238, -0.131, -17, 0.247, 0.018, 6, 0.236, 0.135, 23, -1.0, 60.0, -1.0, 60.0, -1.0, 60.0, 
8, 14, 5.88, 6, 0.234, -0.147, -16, 0.229, 0.138, 7, 0.2, 0.086, 30, 0.234, 0.147, 16, 0.229, -0.137, -7, 0.2, -0.086, -30, -1.0, 60.0, -1.0, 60.0, -1.0, 60.0, 
8, 56, 5.88, 6, 0.238, 0.131, 17, 0.247, -0.018, -6, 0.248, -0.034, 30, 0.238, -0.131, -17, 0.247, 0.018, 6, 0.248, 0.034, -30, -1.0, 60.0, -1.0, 60.0, -1.0, 60.0, 
9, 70, 6.61172161117, 6, 0.238, 0.131, 17, 0.247, -0.018, -6, 0.236, -0.135, -23, 0.238, -0.131, -17, 0.247, 0.018, 6, 0.236, 0.135, 23, -1.0, 60.0, -1.0, 60.0, -1.0, 81.4310230135, 
9, 72, 5.88, 6, 0.238, 0.131, 17, 0.247, -0.018, -6, 0.236, -0.135, -23, 0.238, -0.131, -17, 0.247, 0.018, 6, 0.236, 0.135, 23, -1.0, 60.0, -1.0, 60.0, -1.0, 60.0, 
9, 14, 5.88, 6, 0.234, -0.147, -16, 0.229, 0.138, 7, 0.2, 0.086, 30, 0.234, 0.147, 16, 0.229, -0.137, -7, 0.2, -0.086, -30, -1.0, 60.0, -1.0, 60.0, -1.0, 60.0, 
9, 77, 5.88, 6, 0.238, 0.131, 17, 0.229, 0.138, 7, 0.236, -0.135, -23, 0.238, -0.131, -17, 0.229, -0.137, -7, 0.236, 0.135, 23, -1.0, 60.0, -1.0, 60.0, -1.0, 60.0, 
9, 25, 5.88, 6, 0.238, 0.131, 17, 0.247, -0.018, -6, 0.236, -0.135, -23, 0.238, -0.131, -17, 0.247, 0.018, 6, 0.236, 0.135, 23, -1.0, 60.0, -1.0, 60.0, -1.0, 60.0, 
9, 56, 5.88, 6, 0.238, 0.131, 17, 0.247, -0.018, -6, 0.248, -0.034, 30, 0.238, -0.131, -17, 0.247, 0.018, 6, 0.248, 0.034, -30, -1.0, 60.0, -1.0, 60.0, -1.0, 60.0, 
9, 25, 5.88, 6, 0.238, 0.131, 17, 0.247, -0.018, -6, 0.236, -0.135, -23, 0.238, -0.131, -17, 0.247, 0.018, 6, 0.236, 0.135, 23, -1.0, 60.0, -1.0, 60.0, -1.0, 60.0, 
9, 56, 5.88, 6, 0.238, 0.131, 17, 0.247, -0.018, -6, 0.248, -0.034, 30, 0.238, -0.131, -17, 0.247, 0.018, 6, 0.248, 0.034, -30, -1.0, 60.0, -1.0, 60.0, -1.0, 60.0, 
9, 25, 5.88, 6, 0.238, 0.131, 17, 0.247, -0.018, -6, 0.236, -0.135, -23, 0.238, -0.131, -17, 0.247, 0.018, 6, 0.236, 0.135, 23, -1.0, 60.0, -1.0, 60.0, -1.0, 60.0, 
9, 14, 5.88, 6, 0.234, -0.147, -16, 0.229, 0.138, 7, 0.2, 0.086, 30, 0.234, 0.147, 16, 0.229, -0.137, -7, 0.2, -0.086, -30, -1.0, 60.0, -1.0, 60.0, -1.0, 60.0, 
9, 70, 6.61172161117, 6, 0.238, 0.131, 17, 0.247, -0.018, -6, 0.236, -0.135, -23, 0.238, -0.131, -17, 0.247, 0.018, 6, 0.236, 0.135, 23, -1.0, 60.0, -1.0, 60.0, -1.0, 81.4310230135, 
9, 60, 5.88, 6, 0.238, 0.131, 17, 0.247, -0.018, -6, 0.2, 0.086, 30, 0.238, -0.131, -17, 0.247, 0.018, 6, 0.2, -0.086, -30, -1.0, 60.0, -1.0, 60.0, -1.0, 60.0, 
9, 63, 5.88, 6, 0.238, 0.131, 17, 0.247, -0.018, -6, 0.236, -0.135, -23, 0.238, -0.131, -17, 0.247, 0.018, 6, 0.236, 0.135, 23, -1.0, 60.0, -1.0, 60.0, -1.0, 60.0, 
9, 25, 5.88, 6, 0.238, 0.131, 17, 0.247, -0.018, -6, 0.236, -0.135, -23, 0.238, -0.131, -17, 0.247, 0.018, 6, 0.236, 0.135, 23, -1.0, 60.0, -1.0, 60.0, -1.0, 60.0, 
9, 38, 5.88, 6, 0.238, 0.131, 17, 0.247, -0.018, -6, 0.248, -0.034, 30, 0.238, -0.131, -17, 0.247, 0.018, 6, 0.248, 0.034, -30, -1.0, 60.0, -1.0, 60.0, -1.0, 60.0, 
9, 38, 5.88, 6, 0.238, 0.131, 17, 0.247, -0.018, -6, 0.248, -0.034, 30, 0.238, -0.131, -17, 0.247, 0.018, 6, 0.248, 0.034, -30, -1.0, 60.0, -1.0, 60.0, -1.0, 60.0, 
9, 25, 5.88, 6, 0.238, 0.131, 17, 0.247, -0.018, -6, 0.236, -0.135, -23, 0.238, -0.131, -17, 0.247, 0.018, 6, 0.236, 0.135, 23, -1.0, 60.0, -1.0, 60.0, -1.0, 60.0, 
9, 25, 5.88, 6, 0.238, 0.131, 17, 0.247, -0.018, -6, 0.236, -0.135, -23, 0.238, -0.131, -17, 0.247, 0.018, 6, 0.236, 0.135, 23, -1.0, 60.0, -1.0, 60.0, -1.0, 60.0, 
9, 70, 6.61172161117, 6, 0.238, 0.131, 17, 0.247, -0.018, -6, 0.236, -0.135, -23, 0.238, -0.131, -17, 0.247, 0.018, 6, 0.236, 0.135, 23, -1.0, 60.0, -1.0, 60.0, -1.0, 81.4310230135, 
9, 72, 5.88, 6, 0.238, 0.131, 17, 0.247, -0.018, -6, 0.236, -0.135, -23, 0.238, -0.131, -17, 0.247, 0.018, 6, 0.236, 0.135, 23, -1.0, 60.0, -1.0, 60.0, -1.0, 60.0, 
9, 65, 5.88, 6, 0.238, 0.131, 17, 0.247, -0.018, -6, 0.236, -0.135, -23, 0.238, -0.131, -17, 0.247, 0.018, 6, 0.236, 0.135, 23, -1.0, 60.0, -1.0, 60.0, -1.0, 60.0, 
9, 61, 5.88, 6, 0.234, -0.147, -16, 0.229, 0.138, 7, 0.236, -0.135, -23, 0.234, 0.147, 16, 0.229, -0.137, -7, 0.236, 0.135, 23, -1.0, 60.0, -1.0, 60.0, -1.0, 60.0, 
9, 72, 5.88, 6, 0.238, 0.131, 17, 0.247, -0.018, -6, 0.236, -0.135, -23, 0.238, -0.131, -17, 0.247, 0.018, 6, 0.236, 0.135, 23, -1.0, 60.0, -1.0, 60.0, -1.0, 60.0, 
9, 75, 5.88, 6, 0.238, 0.131, 17, 0.247, -0.018, -6, 0.236, -0.135, -23, 0.238, -0.131, -17, 0.247, 0.018, 6, 0.236, 0.135, 23, -1.0, 60.0, -1.0, 60.0, -1.0, 60.0, 
9, 61, 5.88, 6, 0.234, -0.147, -16, 0.229, 0.138, 7, 0.236, -0.135, -23, 0.234, 0.147, 16, 0.229, -0.137, -7, 0.236, 0.135, 23, -1.0, 60.0, -1.0, 60.0, -1.0, 60.0, 
9, 69, 5.88, 6, 0.238, 0.131, 17, 0.229, 0.138, 7, 0.236, -0.135, -23, 0.238, -0.131, -17, 0.229, -0.137, -7, 0.236, 0.135, 23, -1.0, 60.0, -1.0, 60.0, -1.0, 60.0, 
9, 25, 5.88, 6, 0.238, 0.131, 17, 0.247, -0.018, -6, 0.236, -0.135, -23, 0.238, -0.131, -17, 0.247, 0.018, 6, 0.236, 0.135, 23, -1.0, 60.0, -1.0, 60.0, -1.0, 60.0, 
9, 61, 5.88, 6, 0.234, -0.147, -16, 0.229, 0.138, 7, 0.236, -0.135, -23, 0.234, 0.147, 16, 0.229, -0.137, -7, 0.236, 0.135, 23, -1.0, 60.0, -1.0, 60.0, -1.0, 60.0, 
9, 25, 5.88, 6, 0.238, 0.131, 17, 0.247, -0.018, -6, 0.236, -0.135, -23, 0.238, -0.131, -17, 0.247, 0.018, 6, 0.236, 0.135, 23, -1.0, 60.0, -1.0, 60.0, -1.0, 60.0, 
9, 56, 5.88, 6, 0.238, 0.131, 17, 0.247, -0.018, -6, 0.248, -0.034, 30, 0.238, -0.131, -17, 0.247, 0.018, 6, 0.248, 0.034, -30, -1.0, 60.0, -1.0, 60.0, -1.0, 60.0, 
10, 82, 5.04105108242, 6, 0.238, 0.131, 17, 0.229, 0.138, 7, 0.236, -0.135, -23, 0.238, -0.131, -17, 0.229, -0.137, -7, 0.236, 0.135, 23, -1.0, 60.0, -1.0, 31.1888365076, -1.0, 60.0, 
10, 56, 5.88, 6, 0.238, 0.131, 17, 0.247, -0.018, -6, 0.248, -0.034, 30, 0.238, -0.131, -17, 0.247, 0.018, 6, 0.248, 0.034, -30, -1.0, 60.0, -1.0, 60.0, -1.0, 60.0, 
10, 14, 5.88, 6, 0.234, -0.147, -16, 0.229, 0.138, 7, 0.2, 0.086, 30, 0.234, 0.147, 16, 0.229, -0.137, -7, 0.2, -0.086, -30, -1.0, 60.0, -1.0, 60.0, -1.0, 60.0, 
10, 25, 5.88, 6, 0.238, 0.131, 17, 0.247, -0.018, -6, 0.236, -0.135, -23, 0.238, -0.131, -17, 0.247, 0.018, 6, 0.236, 0.135, 23, -1.0, 60.0, -1.0, 60.0, -1.0, 60.0, 
10, 61, 5.88, 6, 0.234, -0.147, -16, 0.229, 0.138, 7, 0.236, -0.135, -23, 0.234, 0.147, 16, 0.229, -0.137, -7, 0.236, 0.135, 23, -1.0, 60.0, -1.0, 60.0, -1.0, 60.0, 
10, 70, 6.61172161117, 6, 0.238, 0.131, 17, 0.247, -0.018, -6, 0.236, -0.135, -23, 0.238, -0.131, -17, 0.247, 0.018, 6, 0.236, 0.135, 23, -1.0, 60.0, -1.0, 60.0, -1.0, 81.4310230135, 
10, 72, 5.88, 6, 0.238, 0.131, 17, 0.247, -0.018, -6, 0.236, -0.135, -23, 0.238, -0.131, -17, 0.247, 0.018, 6, 0.236, 0.135, 23, -1.0, 60.0, -1.0, 60.0, -1.0, 60.0, 
10, 25, 5.88, 6, 0.238, 0.131, 17, 0.247, -0.018, -6, 0.236, -0.135, -23, 0.238, -0.131, -17, 0.247, 0.018, 6, 0.236, 0.135, 23, -1.0, 60.0, -1.0, 60.0, -1.0, 60.0, 
10, 25, 5.88, 6, 0.238, 0.131, 17, 0.247, -0.018, -6, 0.236, -0.135, -23, 0.238, -0.131, -17, 0.247, 0.018, 6, 0.236, 0.135, 23, -1.0, 60.0, -1.0, 60.0, -1.0, 60.0, 
10, 61, 5.88, 6, 0.234, -0.147, -16, 0.229, 0.138, 7, 0.236, -0.135, -23, 0.234, 0.147, 16, 0.229, -0.137, -7, 0.236, 0.135, 23, -1.0, 60.0, -1.0, 60.0, -1.0, 60.0, 
10, 38, 5.88, 6, 0.238, 0.131, 17, 0.247, -0.018, -6, 0.248, -0.034, 30, 0.238, -0.131, -17, 0.247, 0.018, 6, 0.248, 0.034, -30, -1.0, 60.0, -1.0, 60.0, -1.0, 60.0, 
10, 38, 5.88, 6, 0.238, 0.131, 17, 0.247, -0.018, -6, 0.248, -0.034, 30, 0.238, -0.131, -17, 0.247, 0.018, 6, 0.248, 0.034, -30, -1.0, 60.0, -1.0, 60.0, -1.0, 60.0, 
10, 56, 5.88, 6, 0.238, 0.131, 17, 0.247, -0.018, -6, 0.248, -0.034, 30, 0.238, -0.131, -17, 0.247, 0.018, 6, 0.248, 0.034, -30, -1.0, 60.0, -1.0, 60.0, -1.0, 60.0, 
10, 25, 5.88, 6, 0.238, 0.131, 17, 0.247, -0.018, -6, 0.236, -0.135, -23, 0.238, -0.131, -17, 0.247, 0.018, 6, 0.236, 0.135, 23, -1.0, 60.0, -1.0, 60.0, -1.0, 60.0, 
10, 61, 5.88, 6, 0.234, -0.147, -16, 0.229, 0.138, 7, 0.236, -0.135, -23, 0.234, 0.147, 16, 0.229, -0.137, -7, 0.236, 0.135, 23, -1.0, 60.0, -1.0, 60.0, -1.0, 60.0, 
10, 56, 5.88, 6, 0.238, 0.131, 17, 0.247, -0.018, -6, 0.248, -0.034, 30, 0.238, -0.131, -17, 0.247, 0.018, 6, 0.248, 0.034, -30, -1.0, 60.0, -1.0, 60.0, -1.0, 60.0, 
10, 60, 5.88, 6, 0.238, 0.131, 17, 0.247, -0.018, -6, 0.2, 0.086, 30, 0.238, -0.131, -17, 0.247, 0.018, 6, 0.2, -0.086, -30, -1.0, 60.0, -1.0, 60.0, -1.0, 60.0, 
10, 61, 5.88, 6, 0.234, -0.147, -16, 0.229, 0.138, 7, 0.236, -0.135, -23, 0.234, 0.147, 16, 0.229, -0.137, -7, 0.236, 0.135, 23, -1.0, 60.0, -1.0, 60.0, -1.0, 60.0, 
10, 25, 5.88, 6, 0.238, 0.131, 17, 0.247, -0.018, -6, 0.236, -0.135, -23, 0.238, -0.131, -17, 0.247, 0.018, 6, 0.236, 0.135, 23, -1.0, 60.0, -1.0, 60.0, -1.0, 60.0, 
10, 56, 5.88, 6, 0.238, 0.131, 17, 0.247, -0.018, -6, 0.248, -0.034, 30, 0.238, -0.131, -17, 0.247, 0.018, 6, 0.248, 0.034, -30, -1.0, 60.0, -1.0, 60.0, -1.0, 60.0, 
10, 14, 5.88, 6, 0.234, -0.147, -16, 0.229, 0.138, 7, 0.2, 0.086, 30, 0.234, 0.147, 16, 0.229, -0.137, -7, 0.2, -0.086, -30, -1.0, 60.0, -1.0, 60.0, -1.0, 60.0, 
10, 56, 5.88, 6, 0.238, 0.131, 17, 0.247, -0.018, -6, 0.248, -0.034, 30, 0.238, -0.131, -17, 0.247, 0.018, 6, 0.248, 0.034, -30, -1.0, 60.0, -1.0, 60.0, -1.0, 60.0, 
10, 14, 5.88, 6, 0.234, -0.147, -16, 0.229, 0.138, 7, 0.2, 0.086, 30, 0.234, 0.147, 16, 0.229, -0.137, -7, 0.2, -0.086, -30, -1.0, 60.0, -1.0, 60.0, -1.0, 60.0, 
10, 61, 5.88, 6, 0.234, -0.147, -16, 0.229, 0.138, 7, 0.236, -0.135, -23, 0.234, 0.147, 16, 0.229, -0.137, -7, 0.236, 0.135, 23, -1.0, 60.0, -1.0, 60.0, -1.0, 60.0, 
10, 25, 5.88, 6, 0.238, 0.131, 17, 0.247, -0.018, -6, 0.236, -0.135, -23, 0.238, -0.131, -17, 0.247, 0.018, 6, 0.236, 0.135, 23, -1.0, 60.0, -1.0, 60.0, -1.0, 60.0, 
10, 70, 6.61172161117, 6, 0.238, 0.131, 17, 0.247, -0.018, -6, 0.236, -0.135, -23, 0.238, -0.131, -17, 0.247, 0.018, 6, 0.236, 0.135, 23, -1.0, 60.0, -1.0, 60.0, -1.0, 81.4310230135, 
10, 77, 5.88, 6, 0.238, 0.131, 17, 0.229, 0.138, 7, 0.236, -0.135, -23, 0.238, -0.131, -17, 0.229, -0.137, -7, 0.236, 0.135, 23, -1.0, 60.0, -1.0, 60.0, -1.0, 60.0, 
10, 14, 5.88, 6, 0.234, -0.147, -16, 0.229, 0.138, 7, 0.2, 0.086, 30, 0.234, 0.147, 16, 0.229, -0.137, -7, 0.2, -0.086, -30, -1.0, 60.0, -1.0, 60.0, -1.0, 60.0, 
10, 70, 6.61172161117, 6, 0.238, 0.131, 17, 0.247, -0.018, -6, 0.236, -0.135, -23, 0.238, -0.131, -17, 0.247, 0.018, 6, 0.236, 0.135, 23, -1.0, 60.0, -1.0, 60.0, -1.0, 81.4310230135, 
10, 77, 5.88, 6, 0.238, 0.131, 17, 0.229, 0.138, 7, 0.236, -0.135, -23, 0.238, -0.131, -17, 0.229, -0.137, -7, 0.236, 0.135, 23, -1.0, 60.0, -1.0, 60.0, -1.0, 60.0, 
11, 91, 5.88, 6, 0.238, 0.131, 17, 0.247, -0.018, -6, 0.248, -0.034, 30, 0.238, -0.131, -17, 0.247, 0.018, 6, 0.248, 0.034, -30, -1.0, 60.0, -1.0, 60.0, -1.0, 60.0, 
11, 14, 5.88, 6, 0.234, -0.147, -16, 0.229, 0.138, 7, 0.2, 0.086, 30, 0.234, 0.147, 16, 0.229, -0.137, -7, 0.2, -0.086, -30, -1.0, 60.0, -1.0, 60.0, -1.0, 60.0, 
11, 25, 5.88, 6, 0.238, 0.131, 17, 0.247, -0.018, -6, 0.236, -0.135, -23, 0.238, -0.131, -17, 0.247, 0.018, 6, 0.236, 0.135, 23, -1.0, 60.0, -1.0, 60.0, -1.0, 60.0, 
11, 56, 5.88, 6, 0.238, 0.131, 17, 0.247, -0.018, -6, 0.248, -0.034, 30, 0.238, -0.131, -17, 0.247, 0.018, 6, 0.248, 0.034, -30, -1.0, 60.0, -1.0, 60.0, -1.0, 60.0, 
11, 90, 5.88, 6, 0.238, 0.131, 17, 0.247, -0.018, -6, 0.236, -0.135, -23, 0.238, -0.131, -17, 0.247, 0.018, 6, 0.236, 0.135, 23, -1.0, 60.0, -1.0, 60.0, -1.0, 60.0, 
11, 88, 5.88, 6, 0.238, 0.131, 17, 0.247, -0.018, -6, 0.248, -0.034, 30, 0.238, -0.131, -17, 0.247, 0.018, 6, 0.248, 0.034, -30, -1.0, 60.0, -1.0, 60.0, -1.0, 60.0, 
11, 70, 6.61172161117, 6, 0.238, 0.131, 17, 0.247, -0.018, -6, 0.236, -0.135, -23, 0.238, -0.131, -17, 0.247, 0.018, 6, 0.236, 0.135, 23, -1.0, 60.0, -1.0, 60.0, -1.0, 81.4310230135, 
11, 77, 5.88, 6, 0.238, 0.131, 17, 0.229, 0.138, 7, 0.236, -0.135, -23, 0.238, -0.131, -17, 0.229, -0.137, -7, 0.236, 0.135, 23, -1.0, 60.0, -1.0, 60.0, -1.0, 60.0, 
11, 70, 6.61172161117, 6, 0.238, 0.131, 17, 0.247, -0.018, -6, 0.236, -0.135, -23, 0.238, -0.131, -17, 0.247, 0.018, 6, 0.236, 0.135, 23, -1.0, 60.0, -1.0, 60.0, -1.0, 81.4310230135, 
11, 90, 5.88, 6, 0.238, 0.131, 17, 0.247, -0.018, -6, 0.236, -0.135, -23, 0.238, -0.131, -17, 0.247, 0.018, 6, 0.236, 0.135, 23, -1.0, 60.0, -1.0, 60.0, -1.0, 60.0, 
11, 70, 6.61172161117, 6, 0.238, 0.131, 17, 0.247, -0.018, -6, 0.236, -0.135, -23, 0.238, -0.131, -17, 0.247, 0.018, 6, 0.236, 0.135, 23, -1.0, 60.0, -1.0, 60.0, -1.0, 81.4310230135, 
11, 56, 5.88, 6, 0.238, 0.131, 17, 0.247, -0.018, -6, 0.248, -0.034, 30, 0.238, -0.131, -17, 0.247, 0.018, 6, 0.248, 0.034, -30, -1.0, 60.0, -1.0, 60.0, -1.0, 60.0, 
11, 70, 6.61172161117, 6, 0.238, 0.131, 17, 0.247, -0.018, -6, 0.236, -0.135, -23, 0.238, -0.131, -17, 0.247, 0.018, 6, 0.236, 0.135, 23, -1.0, 60.0, -1.0, 60.0, -1.0, 81.4310230135, 
11, 70, 6.61172161117, 6, 0.238, 0.131, 17, 0.247, -0.018, -6, 0.236, -0.135, -23, 0.238, -0.131, -17, 0.247, 0.018, 6, 0.236, 0.135, 23, -1.0, 60.0, -1.0, 60.0, -1.0, 81.4310230135, 
11, 25, 5.88, 6, 0.238, 0.131, 17, 0.247, -0.018, -6, 0.236, -0.135, -23, 0.238, -0.131, -17, 0.247, 0.018, 6, 0.236, 0.135, 23, -1.0, 60.0, -1.0, 60.0, -1.0, 60.0, 
11, 25, 5.88, 6, 0.238, 0.131, 17, 0.247, -0.018, -6, 0.236, -0.135, -23, 0.238, -0.131, -17, 0.247, 0.018, 6, 0.236, 0.135, 23, -1.0, 60.0, -1.0, 60.0, -1.0, 60.0, 
11, 77, 5.88, 6, 0.238, 0.131, 17, 0.229, 0.138, 7, 0.236, -0.135, -23, 0.238, -0.131, -17, 0.229, -0.137, -7, 0.236, 0.135, 23, -1.0, 60.0, -1.0, 60.0, -1.0, 60.0, 
11, 56, 5.88, 6, 0.238, 0.131, 17, 0.247, -0.018, -6, 0.248, -0.034, 30, 0.238, -0.131, -17, 0.247, 0.018, 6, 0.248, 0.034, -30, -1.0, 60.0, -1.0, 60.0, -1.0, 60.0, 
11, 14, 5.88, 6, 0.234, -0.147, -16, 0.229, 0.138, 7, 0.2, 0.086, 30, 0.234, 0.147, 16, 0.229, -0.137, -7, 0.2, -0.086, -30, -1.0, 60.0, -1.0, 60.0, -1.0, 60.0, 
11, 25, 5.88, 6, 0.238, 0.131, 17, 0.247, -0.018, -6, 0.236, -0.135, -23, 0.238, -0.131, -17, 0.247, 0.018, 6, 0.236, 0.135, 23, -1.0, 60.0, -1.0, 60.0, -1.0, 60.0, 
11, 77, 5.88, 6, 0.238, 0.131, 17, 0.229, 0.138, 7, 0.236, -0.135, -23, 0.238, -0.131, -17, 0.229, -0.137, -7, 0.236, 0.135, 23, -1.0, 60.0, -1.0, 60.0, -1.0, 60.0, 
11, 70, 6.61172161117, 6, 0.238, 0.131, 17, 0.247, -0.018, -6, 0.236, -0.135, -23, 0.238, -0.131, -17, 0.247, 0.018, 6, 0.236, 0.135, 23, -1.0, 60.0, -1.0, 60.0, -1.0, 81.4310230135, 
11, 91, 5.88, 6, 0.238, 0.131, 17, 0.247, -0.018, -6, 0.248, -0.034, 30, 0.238, -0.131, -17, 0.247, 0.018, 6, 0.248, 0.034, -30, -1.0, 60.0, -1.0, 60.0, -1.0, 60.0, 
11, 61, 5.88, 6, 0.234, -0.147, -16, 0.229, 0.138, 7, 0.236, -0.135, -23, 0.234, 0.147, 16, 0.229, -0.137, -7, 0.236, 0.135, 23, -1.0, 60.0, -1.0, 60.0, -1.0, 60.0, 
11, 84, 5.88, 6, 0.234, -0.147, -16, 0.229, 0.138, 7, 0.236, -0.135, -23, 0.234, 0.147, 16, 0.229, -0.137, -7, 0.236, 0.135, 23, -1.0, 60.0, -1.0, 60.0, -1.0, 60.0, 
11, 70, 6.61172161117, 6, 0.238, 0.131, 17, 0.247, -0.018, -6, 0.236, -0.135, -23, 0.238, -0.131, -17, 0.247, 0.018, 6, 0.236, 0.135, 23, -1.0, 60.0, -1.0, 60.0, -1.0, 81.4310230135, 
11, 25, 5.88, 6, 0.238, 0.131, 17, 0.247, -0.018, -6, 0.236, -0.135, -23, 0.238, -0.131, -17, 0.247, 0.018, 6, 0.236, 0.135, 23, -1.0, 60.0, -1.0, 60.0, -1.0, 60.0, 
11, 14, 5.88, 6, 0.234, -0.147, -16, 0.229, 0.138, 7, 0.2, 0.086, 30, 0.234, 0.147, 16, 0.229, -0.137, -7, 0.2, -0.086, -30, -1.0, 60.0, -1.0, 60.0, -1.0, 60.0, 
11, 84, 5.88, 6, 0.234, -0.147, -16, 0.229, 0.138, 7, 0.236, -0.135, -23, 0.234, 0.147, 16, 0.229, -0.137, -7, 0.236, 0.135, 23, -1.0, 60.0, -1.0, 60.0, -1.0, 60.0, 
11, 56, 5.88, 6, 0.238, 0.131, 17, 0.247, -0.018, -6, 0.248, -0.034, 30, 0.238, -0.131, -17, 0.247, 0.018, 6, 0.248, 0.034, -30, -1.0, 60.0, -1.0, 60.0, -1.0, 60.0, 
12, 94, 5.04265589925, 6, 0.238, 0.131, 17, 0.247, -0.018, -6, 0.236, -0.135, -23, 0.238, -0.131, -17, 0.247, 0.018, 6, 0.236, 0.135, 23, -1.0, 60.0, -1.0, 31.2499866382, -1.0, 60.0, 
12, 70, 6.61172161117, 6, 0.238, 0.131, 17, 0.247, -0.018, -6, 0.236, -0.135, -23, 0.238, -0.131, -17, 0.247, 0.018, 6, 0.236, 0.135, 23, -1.0, 60.0, -1.0, 60.0, -1.0, 81.4310230135, 
12, 70, 6.61172161117, 6, 0.238, 0.131, 17, 0.247, -0.018, -6, 0.236, -0.135, -23, 0.238, -0.131, -17, 0.247, 0.018, 6, 0.236, 0.135, 23, -1.0, 60.0, -1.0, 60.0, -1.0, 81.4310230135, 
12, 91, 5.88, 6, 0.238, 0.131, 17, 0.247, -0.018, -6, 0.248, -0.034, 30, 0.238, -0.131, -17, 0.247, 0.018, 6, 0.248, 0.034, -30, -1.0, 60.0, -1.0, 60.0, -1.0, 60.0, 
12, 14, 5.88, 6, 0.234, -0.147, -16, 0.229, 0.138, 7, 0.2, 0.086, 30, 0.234, 0.147, 16, 0.229, -0.137, -7, 0.2, -0.086, -30, -1.0, 60.0, -1.0, 60.0, -1.0, 60.0, 
12, 84, 5.88, 6, 0.234, -0.147, -16, 0.229, 0.138, 7, 0.236, -0.135, -23, 0.234, 0.147, 16, 0.229, -0.137, -7, 0.236, 0.135, 23, -1.0, 60.0, -1.0, 60.0, -1.0, 60.0, 
12, 84, 5.88, 6, 0.234, -0.147, -16, 0.229, 0.138, 7, 0.236, -0.135, -23, 0.234, 0.147, 16, 0.229, -0.137, -7, 0.236, 0.135, 23, -1.0, 60.0, -1.0, 60.0, -1.0, 60.0, 
12, 70, 6.61172161117, 6, 0.238, 0.131, 17, 0.247, -0.018, -6, 0.236, -0.135, -23, 0.238, -0.131, -17, 0.247, 0.018, 6, 0.236, 0.135, 23, -1.0, 60.0, -1.0, 60.0, -1.0, 81.4310230135, 
12, 70, 6.61172161117, 6, 0.238, 0.131, 17, 0.247, -0.018, -6, 0.236, -0.135, -23, 0.238, -0.131, -17, 0.247, 0.018, 6, 0.236, 0.135, 23, -1.0, 60.0, -1.0, 60.0, -1.0, 81.4310230135, 
12, 14, 5.88, 6, 0.234, -0.147, -16, 0.229, 0.138, 7, 0.2, 0.086, 30, 0.234, 0.147, 16, 0.229, -0.137, -7, 0.2, -0.086, -30, -1.0, 60.0, -1.0, 60.0, -1.0, 60.0, 
12, 90, 5.88, 6, 0.238, 0.131, 17, 0.247, -0.018, -6, 0.236, -0.135, -23, 0.238, -0.131, -17, 0.247, 0.018, 6, 0.236, 0.135, 23, -1.0, 60.0, -1.0, 60.0, -1.0, 60.0, 
12, 77, 5.88, 6, 0.238, 0.131, 17, 0.229, 0.138, 7, 0.236, -0.135, -23, 0.238, -0.131, -17, 0.229, -0.137, -7, 0.236, 0.135, 23, -1.0, 60.0, -1.0, 60.0, -1.0, 60.0, 
12, 70, 6.61172161117, 6, 0.238, 0.131, 17, 0.247, -0.018, -6, 0.236, -0.135, -23, 0.238, -0.131, -17, 0.247, 0.018, 6, 0.236, 0.135, 23, -1.0, 60.0, -1.0, 60.0, -1.0, 81.4310230135, 
12, 70, 6.61172161117, 6, 0.238, 0.131, 17, 0.247, -0.018, -6, 0.236, -0.135, -23, 0.238, -0.131, -17, 0.247, 0.018, 6, 0.236, 0.135, 23, -1.0, 60.0, -1.0, 60.0, -1.0, 81.4310230135, 
12, 14, 5.88, 6, 0.234, -0.147, -16, 0.229, 0.138, 7, 0.2, 0.086, 30, 0.234, 0.147, 16, 0.229, -0.137, -7, 0.2, -0.086, -30, -1.0, 60.0, -1.0, 60.0, -1.0, 60.0, 
12, 91, 5.88, 6, 0.238, 0.131, 17, 0.247, -0.018, -6, 0.248, -0.034, 30, 0.238, -0.131, -17, 0.247, 0.018, 6, 0.248, 0.034, -30, -1.0, 60.0, -1.0, 60.0, -1.0, 60.0, 
12, 70, 6.61172161117, 6, 0.238, 0.131, 17, 0.247, -0.018, -6, 0.236, -0.135, -23, 0.238, -0.131, -17, 0.247, 0.018, 6, 0.236, 0.135, 23, -1.0, 60.0, -1.0, 60.0, -1.0, 81.4310230135, 
12, 14, 5.88, 6, 0.234, -0.147, -16, 0.229, 0.138, 7, 0.2, 0.086, 30, 0.234, 0.147, 16, 0.229, -0.137, -7, 0.2, -0.086, -30, -1.0, 60.0, -1.0, 60.0, -1.0, 60.0, 
12, 25, 5.88, 6, 0.238, 0.131, 17, 0.247, -0.018, -6, 0.236, -0.135, -23, 0.238, -0.131, -17, 0.247, 0.018, 6, 0.236, 0.135, 23, -1.0, 60.0, -1.0, 60.0, -1.0, 60.0, 
12, 77, 5.88, 6, 0.238, 0.131, 17, 0.229, 0.138, 7, 0.236, -0.135, -23, 0.238, -0.131, -17, 0.229, -0.137, -7, 0.236, 0.135, 23, -1.0, 60.0, -1.0, 60.0, -1.0, 60.0, 
12, 94, 5.04265589925, 6, 0.238, 0.131, 17, 0.247, -0.018, -6, 0.236, -0.135, -23, 0.238, -0.131, -17, 0.247, 0.018, 6, 0.236, 0.135, 23, -1.0, 60.0, -1.0, 31.2499866382, -1.0, 60.0, 
12, 14, 5.88, 6, 0.234, -0.147, -16, 0.229, 0.138, 7, 0.2, 0.086, 30, 0.234, 0.147, 16, 0.229, -0.137, -7, 0.2, -0.086, -30, -1.0, 60.0, -1.0, 60.0, -1.0, 60.0, 
12, 56, 5.88, 6, 0.238, 0.131, 17, 0.247, -0.018, -6, 0.248, -0.034, 30, 0.238, -0.131, -17, 0.247, 0.018, 6, 0.248, 0.034, -30, -1.0, 60.0, -1.0, 60.0, -1.0, 60.0, 
12, 56, 5.88, 6, 0.238, 0.131, 17, 0.247, -0.018, -6, 0.248, -0.034, 30, 0.238, -0.131, -17, 0.247, 0.018, 6, 0.248, 0.034, -30, -1.0, 60.0, -1.0, 60.0, -1.0, 60.0, 
12, 70, 6.61172161117, 6, 0.238, 0.131, 17, 0.247, -0.018, -6, 0.236, -0.135, -23, 0.238, -0.131, -17, 0.247, 0.018, 6, 0.236, 0.135, 23, -1.0, 60.0, -1.0, 60.0, -1.0, 81.4310230135, 
12, 70, 6.61172161117, 6, 0.238, 0.131, 17, 0.247, -0.018, -6, 0.236, -0.135, -23, 0.238, -0.131, -17, 0.247, 0.018, 6, 0.236, 0.135, 23, -1.0, 60.0, -1.0, 60.0, -1.0, 81.4310230135, 
12, 56, 5.88, 6, 0.238, 0.131, 17, 0.247, -0.018, -6, 0.248, -0.034, 30, 0.238, -0.131, -17, 0.247, 0.018, 6, 0.248, 0.034, -30, -1.0, 60.0, -1.0, 60.0, -1.0, 60.0, 
12, 90, 5.88, 6, 0.238, 0.131, 17, 0.247, -0.018, -6, 0.236, -0.135, -23, 0.238, -0.131, -17, 0.247, 0.018, 6, 0.236, 0.135, 23, -1.0, 60.0, -1.0, 60.0, -1.0, 60.0, 
12, 70, 6.61172161117, 6, 0.238, 0.131, 17, 0.247, -0.018, -6, 0.236, -0.135, -23, 0.238, -0.131, -17, 0.247, 0.018, 6, 0.236, 0.135, 23, -1.0, 60.0, -1.0, 60.0, -1.0, 81.4310230135, 
12, 70, 6.61172161117, 6, 0.238, 0.131, 17, 0.247, -0.018, -6, 0.236, -0.135, -23, 0.238, -0.131, -17, 0.247, 0.018, 6, 0.236, 0.135, 23, -1.0, 60.0, -1.0, 60.0, -1.0, 81.4310230135, 
13, 102, 9.21117249333, 6, 0.238, 0.131, 17, 0.247, -0.018, -6, 0.236, -0.135, -23, 0.238, -0.131, -17, 0.247, 0.018, 6, 0.236, 0.135, 23, -1.0, 60.0, -1.0, 60.0, 0.375199074074, 100.0, 
13, 70, 6.61172161117, 6, 0.238, 0.131, 17, 0.247, -0.018, -6, 0.236, -0.135, -23, 0.238, -0.131, -17, 0.247, 0.018, 6, 0.236, 0.135, 23, -1.0, 60.0, -1.0, 60.0, -1.0, 81.4310230135, 
13, 70, 6.61172161117, 6, 0.238, 0.131, 17, 0.247, -0.018, -6, 0.236, -0.135, -23, 0.238, -0.131, -17, 0.247, 0.018, 6, 0.236, 0.135, 23, -1.0, 60.0, -1.0, 60.0, -1.0, 81.4310230135, 
13, 70, 6.61172161117, 6, 0.238, 0.131, 17, 0.247, -0.018, -6, 0.236, -0.135, -23, 0.238, -0.131, -17, 0.247, 0.018, 6, 0.236, 0.135, 23, -1.0, 60.0, -1.0, 60.0, -1.0, 81.4310230135, 
13, 70, 6.61172161117, 6, 0.238, 0.131, 17, 0.247, -0.018, -6, 0.236, -0.135, -23, 0.238, -0.131, -17, 0.247, 0.018, 6, 0.236, 0.135, 23, -1.0, 60.0, -1.0, 60.0, -1.0, 81.4310230135, 
13, 14, 5.88, 6, 0.234, -0.147, -16, 0.229, 0.138, 7, 0.2, 0.086, 30, 0.234, 0.147, 16, 0.229, -0.137, -7, 0.2, -0.086, -30, -1.0, 60.0, -1.0, 60.0, -1.0, 60.0, 
13, 70, 6.61172161117, 6, 0.238, 0.131, 17, 0.247, -0.018, -6, 0.236, -0.135, -23, 0.238, -0.131, -17, 0.247, 0.018, 6, 0.236, 0.135, 23, -1.0, 60.0, -1.0, 60.0, -1.0, 81.4310230135, 
13, 70, 6.61172161117, 6, 0.238, 0.131, 17, 0.247, -0.018, -6, 0.236, -0.135, -23, 0.238, -0.131, -17, 0.247, 0.018, 6, 0.236, 0.135, 23, -1.0, 60.0, -1.0, 60.0, -1.0, 81.4310230135, 
13, 77, 5.88, 6, 0.238, 0.131, 17, 0.229, 0.138, 7, 0.236, -0.135, -23, 0.238, -0.131, -17, 0.229, -0.137, -7, 0.236, 0.135, 23, -1.0, 60.0, -1.0, 60.0, -1.0, 60.0, 
13, 14, 5.88, 6, 0.234, -0.147, -16, 0.229, 0.138, 7, 0.2, 0.086, 30, 0.234, 0.147, 16, 0.229, -0.137, -7, 0.2, -0.086, -30, -1.0, 60.0, -1.0, 60.0, -1.0, 60.0, 
13, 70, 6.61172161117, 6, 0.238, 0.131, 17, 0.247, -0.018, -6, 0.236, -0.135, -23, 0.238, -0.131, -17, 0.247, 0.018, 6, 0.236, 0.135, 23, -1.0, 60.0, -1.0, 60.0, -1.0, 81.4310230135, 
13, 70, 6.61172161117, 6, 0.238, 0.131, 17, 0.247, -0.018, -6, 0.236, -0.135, -23, 0.238, -0.131, -17, 0.247, 0.018, 6, 0.236, 0.135, 23, -1.0, 60.0, -1.0, 60.0, -1.0, 81.4310230135, 
13, 70, 6.61172161117, 6, 0.238, 0.131, 17, 0.247, -0.018, -6, 0.236, -0.135, -23, 0.238, -0.131, -17, 0.247, 0.018, 6, 0.236, 0.135, 23, -1.0, 60.0, -1.0, 60.0, -1.0, 81.4310230135, 
13, 77, 5.88, 6, 0.238, 0.131, 17, 0.229, 0.138, 7, 0.236, -0.135, -23, 0.238, -0.131, -17, 0.229, -0.137, -7, 0.236, 0.135, 23, -1.0, 60.0, -1.0, 60.0, -1.0, 60.0, 
13, 70, 6.61172161117, 6, 0.238, 0.131, 17, 0.247, -0.018, -6, 0.236, -0.135, -23, 0.238, -0.131, -17, 0.247, 0.018, 6, 0.236, 0.135, 23, -1.0, 60.0, -1.0, 60.0, -1.0, 81.4310230135, 
13, 103, 5.88, 6, 0.238, 0.131, 17, 0.229, 0.138, 7, 0.236, -0.135, -23, 0.238, -0.131, -17, 0.229, -0.137, -7, 0.236, 0.135, 23, -1.0, 60.0, -1.0, 60.0, -1.0, 60.0, 
13, 56, 5.88, 6, 0.238, 0.131, 17, 0.247, -0.018, -6, 0.248, -0.034, 30, 0.238, -0.131, -17, 0.247, 0.018, 6, 0.248, 0.034, -30, -1.0, 60.0, -1.0, 60.0, -1.0, 60.0, 
13, 70, 6.61172161117, 6, 0.238, 0.131, 17, 0.247, -0.018, -6, 0.236, -0.135, -23, 0.238, -0.131, -17, 0.247, 0.018, 6, 0.236, 0.135, 23, -1.0, 60.0, -1.0, 60.0, -1.0, 81.4310230135, 
13, 56, 5.88, 6, 0.238, 0.131, 17, 0.247, -0.018, -6, 0.248, -0.034, 30, 0.238, -0.131, -17, 0.247, 0.018, 6, 0.248, 0.034, -30, -1.0, 60.0, -1.0, 60.0, -1.0, 60.0, 
13, 77, 5.88, 6, 0.238, 0.131, 17, 0.229, 0.138, 7, 0.236, -0.135, -23, 0.238, -0.131, -17, 0.229, -0.137, -7, 0.236, 0.135, 23, -1.0, 60.0, -1.0, 60.0, -1.0, 60.0, 
13, 70, 6.61172161117, 6, 0.238, 0.131, 17, 0.247, -0.018, -6, 0.236, -0.135, -23, 0.238, -0.131, -17, 0.247, 0.018, 6, 0.236, 0.135, 23, -1.0, 60.0, -1.0, 60.0, -1.0, 81.4310230135, 
13, 104, 5.88, 6, 0.238, 0.131, 17, 0.247, -0.018, -6, 0.236, -0.135, -23, 0.238, -0.131, -17, 0.247, 0.018, 6, 0.236, 0.135, 23, -1.0, 60.0, -1.0, 60.0, -1.0, 60.0, 
13, 102, 9.21117249333, 6, 0.238, 0.131, 17, 0.247, -0.018, -6, 0.236, -0.135, -23, 0.238, -0.131, -17, 0.247, 0.018, 6, 0.236, 0.135, 23, -1.0, 60.0, -1.0, 60.0, 0.375199074074, 100.0, 
13, 14, 5.88, 6, 0.234, -0.147, -16, 0.229, 0.138, 7, 0.2, 0.086, 30, 0.234, 0.147, 16, 0.229, -0.137, -7, 0.2, -0.086, -30, -1.0, 60.0, -1.0, 60.0, -1.0, 60.0, 
13, 70, 6.61172161117, 6, 0.238, 0.131, 17, 0.247, -0.018, -6, 0.236, -0.135, -23, 0.238, -0.131, -17, 0.247, 0.018, 6, 0.236, 0.135, 23, -1.0, 60.0, -1.0, 60.0, -1.0, 81.4310230135, 
13, 70, 6.61172161117, 6, 0.238, 0.131, 17, 0.247, -0.018, -6, 0.236, -0.135, -23, 0.238, -0.131, -17, 0.247, 0.018, 6, 0.236, 0.135, 23, -1.0, 60.0, -1.0, 60.0, -1.0, 81.4310230135, 
13, 104, 5.88, 6, 0.238, 0.131, 17, 0.247, -0.018, -6, 0.236, -0.135, -23, 0.238, -0.131, -17, 0.247, 0.018, 6, 0.236, 0.135, 23, -1.0, 60.0, -1.0, 60.0, -1.0, 60.0, 
13, 14, 5.88, 6, 0.234, -0.147, -16, 0.229, 0.138, 7, 0.2, 0.086, 30, 0.234, 0.147, 16, 0.229, -0.137, -7, 0.2, -0.086, -30, -1.0, 60.0, -1.0, 60.0, -1.0, 60.0, 
13, 70, 6.61172161117, 6, 0.238, 0.131, 17, 0.247, -0.018, -6, 0.236, -0.135, -23, 0.238, -0.131, -17, 0.247, 0.018, 6, 0.236, 0.135, 23, -1.0, 60.0, -1.0, 60.0, -1.0, 81.4310230135, 
13, 70, 6.61172161117, 6, 0.238, 0.131, 17, 0.247, -0.018, -6, 0.236, -0.135, -23, 0.238, -0.131, -17, 0.247, 0.018, 6, 0.236, 0.135, 23, -1.0, 60.0, -1.0, 60.0, -1.0, 81.4310230135, 
14, 108, 5.04228224686, 6, 0.238, 0.131, 17, 0.247, -0.018, -6, 0.236, -0.135, -23, 0.238, -0.131, -17, 0.247, 0.018, 6, 0.236, 0.135, 23, -1.0, 60.0, -1.0, 31.235751488, -1.0, 60.0, 
14, 70, 6.61172161117, 6, 0.238, 0.131, 17, 0.247, -0.018, -6, 0.236, -0.135, -23, 0.238, -0.131, -17, 0.247, 0.018, 6, 0.236, 0.135, 23, -1.0, 60.0, -1.0, 60.0, -1.0, 81.4310230135, 
14, 77, 5.88, 6, 0.238, 0.131, 17, 0.229, 0.138, 7, 0.236, -0.135, -23, 0.238, -0.131, -17, 0.229, -0.137, -7, 0.236, 0.135, 23, -1.0, 60.0, -1.0, 60.0, -1.0, 60.0, 
14, 103, 5.88, 6, 0.238, 0.131, 17, 0.229, 0.138, 7, 0.236, -0.135, -23, 0.238, -0.131, -17, 0.229, -0.137, -7, 0.236, 0.135, 23, -1.0, 60.0, -1.0, 60.0, -1.0, 60.0, 
14, 70, 6.61172161117, 6, 0.238, 0.131, 17, 0.247, -0.018, -6, 0.236, -0.135, -23, 0.238, -0.131, -17, 0.247, 0.018, 6, 0.236, 0.135, 23, -1.0, 60.0, -1.0, 60.0, -1.0, 81.4310230135, 
14, 14, 5.88, 6, 0.234, -0.147, -16, 0.229, 0.138, 7, 0.2, 0.086, 30, 0.234, 0.147, 16, 0.229, -0.137, -7, 0.2, -0.086, -30, -1.0, 60.0, -1.0, 60.0, -1.0, 60.0, 
14, 56, 5.88, 6, 0.238, 0.131, 17, 0.247, -0.018, -6, 0.248, -0.034, 30, 0.238, -0.131, -17, 0.247, 0.018, 6, 0.248, 0.034, -30, -1.0, 60.0, -1.0, 60.0, -1.0, 60.0, 
14, 70, 6.61172161117, 6, 0.238, 0.131, 17, 0.247, -0.018, -6, 0.236, -0.135, -23, 0.238, -0.131, -17, 0.247, 0.018, 6, 0.236, 0.135, 23, -1.0, 60.0, -1.0, 60.0, -1.0, 81.4310230135, 
14, 103, 5.88, 6, 0.238, 0.131, 17, 0.229, 0.138, 7, 0.236, -0.135, -23, 0.238, -0.131, -17, 0.229, -0.137, -7, 0.236, 0.135, 23, -1.0, 60.0, -1.0, 60.0, -1.0, 60.0, 
14, 77, 5.88, 6, 0.238, 0.131, 17, 0.229, 0.138, 7, 0.236, -0.135, -23, 0.238, -0.131, -17, 0.229, -0.137, -7, 0.236, 0.135, 23, -1.0, 60.0, -1.0, 60.0, -1.0, 60.0, 
14, 70, 6.61172161117, 6, 0.238, 0.131, 17, 0.247, -0.018, -6, 0.236, -0.135, -23, 0.238, -0.131, -17, 0.247, 0.018, 6, 0.236, 0.135, 23, -1.0, 60.0, -1.0, 60.0, -1.0, 81.4310230135, 
14, 70, 6.61172161117, 6, 0.238, 0.131, 17, 0.247, -0.018, -6, 0.236, -0.135, -23, 0.238, -0.131, -17, 0.247, 0.018, 6, 0.236, 0.135, 23, -1.0, 60.0, -1.0, 60.0, -1.0, 81.4310230135, 
14, 70, 6.61172161117, 6, 0.238, 0.131, 17, 0.247, -0.018, -6, 0.236, -0.135, -23, 0.238, -0.131, -17, 0.247, 0.018, 6, 0.236, 0.135, 23, -1.0, 60.0, -1.0, 60.0, -1.0, 81.4310230135, 
14, 102, 9.21117249333, 6, 0.238, 0.131, 17, 0.247, -0.018, -6, 0.236, -0.135, -23, 0.238, -0.131, -17, 0.247, 0.018, 6, 0.236, 0.135, 23, -1.0, 60.0, -1.0, 60.0, 0.375199074074, 100.0, 
14, 70, 6.61172161117, 6, 0.238, 0.131, 17, 0.247, -0.018, -6, 0.236, -0.135, -23, 0.238, -0.131, -17, 0.247, 0.018, 6, 0.236, 0.135, 23, -1.0, 60.0, -1.0, 60.0, -1.0, 81.4310230135, 
14, 70, 6.61172161117, 6, 0.238, 0.131, 17, 0.247, -0.018, -6, 0.236, -0.135, -23, 0.238, -0.131, -17, 0.247, 0.018, 6, 0.236, 0.135, 23, -1.0, 60.0, -1.0, 60.0, -1.0, 81.4310230135, 
14, 77, 5.88, 6, 0.238, 0.131, 17, 0.229, 0.138, 7, 0.236, -0.135, -23, 0.238, -0.131, -17, 0.229, -0.137, -7, 0.236, 0.135, 23, -1.0, 60.0, -1.0, 60.0, -1.0, 60.0, 
14, 77, 5.88, 6, 0.238, 0.131, 17, 0.229, 0.138, 7, 0.236, -0.135, -23, 0.238, -0.131, -17, 0.229, -0.137, -7, 0.236, 0.135, 23, -1.0, 60.0, -1.0, 60.0, -1.0, 60.0, 
14, 77, 5.88, 6, 0.238, 0.131, 17, 0.229, 0.138, 7, 0.236, -0.135, -23, 0.238, -0.131, -17, 0.229, -0.137, -7, 0.236, 0.135, 23, -1.0, 60.0, -1.0, 60.0, -1.0, 60.0, 
14, 70, 6.61172161117, 6, 0.238, 0.131, 17, 0.247, -0.018, -6, 0.236, -0.135, -23, 0.238, -0.131, -17, 0.247, 0.018, 6, 0.236, 0.135, 23, -1.0, 60.0, -1.0, 60.0, -1.0, 81.4310230135, 
14, 103, 5.88, 6, 0.238, 0.131, 17, 0.229, 0.138, 7, 0.236, -0.135, -23, 0.238, -0.131, -17, 0.229, -0.137, -7, 0.236, 0.135, 23, -1.0, 60.0, -1.0, 60.0, -1.0, 60.0, 
14, 70, 6.61172161117, 6, 0.238, 0.131, 17, 0.247, -0.018, -6, 0.236, -0.135, -23, 0.238, -0.131, -17, 0.247, 0.018, 6, 0.236, 0.135, 23, -1.0, 60.0, -1.0, 60.0, -1.0, 81.4310230135, 
14, 14, 5.88, 6, 0.234, -0.147, -16, 0.229, 0.138, 7, 0.2, 0.086, 30, 0.234, 0.147, 16, 0.229, -0.137, -7, 0.2, -0.086, -30, -1.0, 60.0, -1.0, 60.0, -1.0, 60.0, 
14, 14, 5.88, 6, 0.234, -0.147, -16, 0.229, 0.138, 7, 0.2, 0.086, 30, 0.234, 0.147, 16, 0.229, -0.137, -7, 0.2, -0.086, -30, -1.0, 60.0, -1.0, 60.0, -1.0, 60.0, 
14, 70, 6.61172161117, 6, 0.238, 0.131, 17, 0.247, -0.018, -6, 0.236, -0.135, -23, 0.238, -0.131, -17, 0.247, 0.018, 6, 0.236, 0.135, 23, -1.0, 60.0, -1.0, 60.0, -1.0, 81.4310230135, 
14, 104, 5.88, 6, 0.238, 0.131, 17, 0.247, -0.018, -6, 0.236, -0.135, -23, 0.238, -0.131, -17, 0.247, 0.018, 6, 0.236, 0.135, 23, -1.0, 60.0, -1.0, 60.0, -1.0, 60.0, 
14, 14, 5.88, 6, 0.234, -0.147, -16, 0.229, 0.138, 7, 0.2, 0.086, 30, 0.234, 0.147, 16, 0.229, -0.137, -7, 0.2, -0.086, -30, -1.0, 60.0, -1.0, 60.0, -1.0, 60.0, 
14, 70, 6.61172161117, 6, 0.238, 0.131, 17, 0.247, -0.018, -6, 0.236, -0.135, -23, 0.238, -0.131, -17, 0.247, 0.018, 6, 0.236, 0.135, 23, -1.0, 60.0, -1.0, 60.0, -1.0, 81.4310230135, 
14, 77, 5.88, 6, 0.238, 0.131, 17, 0.229, 0.138, 7, 0.236, -0.135, -23, 0.238, -0.131, -17, 0.229, -0.137, -7, 0.236, 0.135, 23, -1.0, 60.0, -1.0, 60.0, -1.0, 60.0, 
14, 70, 6.61172161117, 6, 0.238, 0.131, 17, 0.247, -0.018, -6, 0.236, -0.135, -23, 0.238, -0.131, -17, 0.247, 0.018, 6, 0.236, 0.135, 23, -1.0, 60.0, -1.0, 60.0, -1.0, 81.4310230135, 
15, 124, 5.88, 6, 0.238, 0.131, 17, 0.247, -0.018, -6, 0.236, -0.135, -23, 0.238, -0.131, -17, 0.247, 0.018, 6, 0.236, 0.135, 23, -1.0, 60.0, -1.0, 60.0, -1.0, 60.0, 
15, 70, 6.61172161117, 6, 0.238, 0.131, 17, 0.247, -0.018, -6, 0.236, -0.135, -23, 0.238, -0.131, -17, 0.247, 0.018, 6, 0.236, 0.135, 23, -1.0, 60.0, -1.0, 60.0, -1.0, 81.4310230135, 
15, 103, 5.88, 6, 0.238, 0.131, 17, 0.229, 0.138, 7, 0.236, -0.135, -23, 0.238, -0.131, -17, 0.229, -0.137, -7, 0.236, 0.135, 23, -1.0, 60.0, -1.0, 60.0, -1.0, 60.0, 
15, 70, 6.61172161117, 6, 0.238, 0.131, 17, 0.247, -0.018, -6, 0.236, -0.135, -23, 0.238, -0.131, -17, 0.247, 0.018, 6, 0.236, 0.135, 23, -1.0, 60.0, -1.0, 60.0, -1.0, 81.4310230135, 
15, 77, 5.88, 6, 0.238, 0.131, 17, 0.229, 0.138, 7, 0.236, -0.135, -23, 0.238, -0.131, -17, 0.229, -0.137, -7, 0.236, 0.135, 23, -1.0, 60.0, -1.0, 60.0, -1.0, 60.0, 
15, 70, 6.61172161117, 6, 0.238, 0.131, 17, 0.247, -0.018, -6, 0.236, -0.135, -23, 0.238, -0.131, -17, 0.247, 0.018, 6, 0.236, 0.135, 23, -1.0, 60.0, -1.0, 60.0, -1.0, 81.4310230135, 
15, 14, 5.88, 6, 0.234, -0.147, -16, 0.229, 0.138, 7, 0.2, 0.086, 30, 0.234, 0.147, 16, 0.229, -0.137, -7, 0.2, -0.086, -30, -1.0, 60.0, -1.0, 60.0, -1.0, 60.0, 
15, 14, 5.88, 6, 0.234, -0.147, -16, 0.229, 0.138, 7, 0.2, 0.086, 30, 0.234, 0.147, 16, 0.229, -0.137, -7, 0.2, -0.086, -30, -1.0, 60.0, -1.0, 60.0, -1.0, 60.0, 
15, 103, 5.88, 6, 0.238, 0.131, 17, 0.229, 0.138, 7, 0.236, -0.135, -23, 0.238, -0.131, -17, 0.229, -0.137, -7, 0.236, 0.135, 23, -1.0, 60.0, -1.0, 60.0, -1.0, 60.0, 
15, 103, 5.88, 6, 0.238, 0.131, 17, 0.229, 0.138, 7, 0.236, -0.135, -23, 0.238, -0.131, -17, 0.229, -0.137, -7, 0.236, 0.135, 23, -1.0, 60.0, -1.0, 60.0, -1.0, 60.0, 
15, 70, 6.61172161117, 6, 0.238, 0.131, 17, 0.247, -0.018, -6, 0.236, -0.135, -23, 0.238, -0.131, -17, 0.247, 0.018, 6, 0.236, 0.135, 23, -1.0, 60.0, -1.0, 60.0, -1.0, 81.4310230135, 
15, 103, 5.88, 6, 0.238, 0.131, 17, 0.229, 0.138, 7, 0.236, -0.135, -23, 0.238, -0.131, -17, 0.229, -0.137, -7, 0.236, 0.135, 23, -1.0, 60.0, -1.0, 60.0, -1.0, 60.0, 
15, 102, 9.21117249333, 6, 0.238, 0.131, 17, 0.247, -0.018, -6, 0.236, -0.135, -23, 0.238, -0.131, -17, 0.247, 0.018, 6, 0.236, 0.135, 23, -1.0, 60.0, -1.0, 60.0, 0.375199074074, 100.0, 
15, 14, 5.88, 6, 0.234, -0.147, -16, 0.229, 0.138, 7, 0.2, 0.086, 30, 0.234, 0.147, 16, 0.229, -0.137, -7, 0.2, -0.086, -30, -1.0, 60.0, -1.0, 60.0, -1.0, 60.0, 
15, 125, 5.88, 6, 0.238, 0.131, 17, 0.247, -0.018, -6, 0.236, -0.135, -23, 0.238, -0.131, -17, 0.247, 0.018, 6, 0.236, 0.135, 23, -1.0, 60.0, -1.0, 60.0, -1.0, 60.0, 
15, 14, 5.88, 6, 0.234, -0.147, -16, 0.229, 0.138, 7, 0.2, 0.086, 30, 0.234, 0.147, 16, 0.229, -0.137, -7, 0.2, -0.086, -30, -1.0, 60.0, -1.0, 60.0, -1.0, 60.0, 
15, 77, 5.88, 6, 0.238, 0.131, 17, 0.229, 0.138, 7, 0.236, -0.135, -23, 0.238, -0.131, -17, 0.229, -0.137, -7, 0.236, 0.135, 23, -1.0, 60.0, -1.0, 60.0, -1.0, 60.0, 
15, 14, 5.88, 6, 0.234, -0.147, -16, 0.229, 0.138, 7, 0.2, 0.086, 30, 0.234, 0.147, 16, 0.229, -0.137, -7, 0.2, -0.086, -30, -1.0, 60.0, -1.0, 60.0, -1.0, 60.0, 
15, 70, 6.61172161117, 6, 0.238, 0.131, 17, 0.247, -0.018, -6, 0.236, -0.135, -23, 0.238, -0.131, -17, 0.247, 0.018, 6, 0.236, 0.135, 23, -1.0, 60.0, -1.0, 60.0, -1.0, 81.4310230135, 
15, 70, 6.61172161117, 6, 0.238, 0.131, 17, 0.247, -0.018, -6, 0.236, -0.135, -23, 0.238, -0.131, -17, 0.247, 0.018, 6, 0.236, 0.135, 23, -1.0, 60.0, -1.0, 60.0, -1.0, 81.4310230135, 
15, 70, 6.61172161117, 6, 0.238, 0.131, 17, 0.247, -0.018, -6, 0.236, -0.135, -23, 0.238, -0.131, -17, 0.247, 0.018, 6, 0.236, 0.135, 23, -1.0, 60.0, -1.0, 60.0, -1.0, 81.4310230135, 
15, 102, 9.21117249333, 6, 0.238, 0.131, 17, 0.247, -0.018, -6, 0.236, -0.135, -23, 0.238, -0.131, -17, 0.247, 0.018, 6, 0.236, 0.135, 23, -1.0, 60.0, -1.0, 60.0, 0.375199074074, 100.0, 
15, 70, 6.61172161117, 6, 0.238, 0.131, 17, 0.247, -0.018, -6, 0.236, -0.135, -23, 0.238, -0.131, -17, 0.247, 0.018, 6, 0.236, 0.135, 23, -1.0, 60.0, -1.0, 60.0, -1.0, 81.4310230135, 
15, 14, 5.88, 6, 0.234, -0.147, -16, 0.229, 0.138, 7, 0.2, 0.086, 30, 0.234, 0.147, 16, 0.229, -0.137, -7, 0.2, -0.086, -30, -1.0, 60.0, -1.0, 60.0, -1.0, 60.0, 
15, 77, 5.88, 6, 0.238, 0.131, 17, 0.229, 0.138, 7, 0.236, -0.135, -23, 0.238, -0.131, -17, 0.229, -0.137, -7, 0.236, 0.135, 23, -1.0, 60.0, -1.0, 60.0, -1.0, 60.0, 
15, 70, 6.61172161117, 6, 0.238, 0.131, 17, 0.247, -0.018, -6, 0.236, -0.135, -23, 0.238, -0.131, -17, 0.247, 0.018, 6, 0.236, 0.135, 23, -1.0, 60.0, -1.0, 60.0, -1.0, 81.4310230135, 
15, 70, 6.61172161117, 6, 0.238, 0.131, 17, 0.247, -0.018, -6, 0.236, -0.135, -23, 0.238, -0.131, -17, 0.247, 0.018, 6, 0.236, 0.135, 23, -1.0, 60.0, -1.0, 60.0, -1.0, 81.4310230135, 
15, 56, 5.88, 6, 0.238, 0.131, 17, 0.247, -0.018, -6, 0.248, -0.034, 30, 0.238, -0.131, -17, 0.247, 0.018, 6, 0.248, 0.034, -30, -1.0, 60.0, -1.0, 60.0, -1.0, 60.0, 
15, 70, 6.61172161117, 6, 0.238, 0.131, 17, 0.247, -0.018, -6, 0.236, -0.135, -23, 0.238, -0.131, -17, 0.247, 0.018, 6, 0.236, 0.135, 23, -1.0, 60.0, -1.0, 60.0, -1.0, 81.4310230135, 
15, 70, 6.61172161117, 6, 0.238, 0.131, 17, 0.247, -0.018, -6, 0.236, -0.135, -23, 0.238, -0.131, -17, 0.247, 0.018, 6, 0.236, 0.135, 23, -1.0, 60.0, -1.0, 60.0, -1.0, 81.4310230135, 
16, 126, 5.04096958208, 6, 0.238, 0.131, 17, 0.247, -0.018, -6, 0.236, -0.135, -23, 0.238, -0.131, -17, 0.247, 0.018, 6, 0.236, 0.135, 23, -1.0, 60.0, -1.0, 31.1857302483, -1.0, 60.0, 
16, 70, 6.61172161117, 6, 0.238, 0.131, 17, 0.247, -0.018, -6, 0.236, -0.135, -23, 0.238, -0.131, -17, 0.247, 0.018, 6, 0.236, 0.135, 23, -1.0, 60.0, -1.0, 60.0, -1.0, 81.4310230135, 
16, 70, 6.61172161117, 6, 0.238, 0.131, 17, 0.247, -0.018, -6, 0.236, -0.135, -23, 0.238, -0.131, -17, 0.247, 0.018, 6, 0.236, 0.135, 23, -1.0, 60.0, -1.0, 60.0, -1.0, 81.4310230135, 
16, 125, 5.88, 6, 0.238, 0.131, 17, 0.247, -0.018, -6, 0.236, -0.135, -23, 0.238, -0.131, -17, 0.247, 0.018, 6, 0.236, 0.135, 23, -1.0, 60.0, -1.0, 60.0, -1.0, 60.0, 
16, 70, 6.61172161117, 6, 0.238, 0.131, 17, 0.247, -0.018, -6, 0.236, -0.135, -23, 0.238, -0.131, -17, 0.247, 0.018, 6, 0.236, 0.135, 23, -1.0, 60.0, -1.0, 60.0, -1.0, 81.4310230135, 
16, 102, 9.21117249333, 6, 0.238, 0.131, 17, 0.247, -0.018, -6, 0.236, -0.135, -23, 0.238, -0.131, -17, 0.247, 0.018, 6, 0.236, 0.135, 23, -1.0, 60.0, -1.0, 60.0, 0.375199074074, 100.0, 
16, 14, 5.88, 6, 0.234, -0.147, -16, 0.229, 0.138, 7, 0.2, 0.086, 30, 0.234, 0.147, 16, 0.229, -0.137, -7, 0.2, -0.086, -30, -1.0, 60.0, -1.0, 60.0, -1.0, 60.0, 
16, 102, 9.21117249333, 6, 0.238, 0.131, 17, 0.247, -0.018, -6, 0.236, -0.135, -23, 0.238, -0.131, -17, 0.247, 0.018, 6, 0.236, 0.135, 23, -1.0, 60.0, -1.0, 60.0, 0.375199074074, 100.0, 
16, 124, 5.88, 6, 0.238, 0.131, 17, 0.247, -0.018, -6, 0.236, -0.135, -23, 0.238, -0.131, -17, 0.247, 0.018, 6, 0.236, 0.135, 23, -1.0, 60.0, -1.0, 60.0, -1.0, 60.0, 
16, 70, 6.61172161117, 6, 0.238, 0.131, 17, 0.247, -0.018, -6, 0.236, -0.135, -23, 0.238, -0.131, -17, 0.247, 0.018, 6, 0.236, 0.135, 23, -1.0, 60.0, -1.0, 60.0, -1.0, 81.4310230135, 
16, 70, 6.61172161117, 6, 0.238, 0.131, 17, 0.247, -0.018, -6, 0.236, -0.135, -23, 0.238, -0.131, -17, 0.247, 0.018, 6, 0.236, 0.135, 23, -1.0, 60.0, -1.0, 60.0, -1.0, 81.4310230135, 
16, 70, 6.61172161117, 6, 0.238, 0.131, 17, 0.247, -0.018, -6, 0.236, -0.135, -23, 0.238, -0.131, -17, 0.247, 0.018, 6, 0.236, 0.135, 23, -1.0, 60.0, -1.0, 60.0, -1.0, 81.4310230135, 
16, 70, 6.61172161117, 6, 0.238, 0.131, 17, 0.247, -0.018, -6, 0.236, -0.135, -23, 0.238, -0.131, -17, 0.247, 0.018, 6, 0.236, 0.135, 23, -1.0, 60.0, -1.0, 60.0, -1.0, 81.4310230135, 
16, 70, 6.61172161117, 6, 0.238, 0.131, 17, 0.247, -0.018, -6, 0.236, -0.135, -23, 0.238, -0.131, -17, 0.247, 0.018, 6, 0.236, 0.135, 23, -1.0, 60.0, -1.0, 60.0, -1.0, 81.4310230135, 
16, 70, 6.61172161117, 6, 0.238, 0.131, 17, 0.247, -0.018, -6, 0.236, -0.135, -23, 0.238, -0.131, -17, 0.247, 0.018, 6, 0.236, 0.135, 23, -1.0, 60.0, -1.0, 60.0, -1.0, 81.4310230135, 
16, 70, 6.61172161117, 6, 0.238, 0.131, 17, 0.247, -0.018, -6, 0.236, -0.135, -23, 0.238, -0.131, -17, 0.247, 0.018, 6, 0.236, 0.135, 23, -1.0, 60.0, -1.0, 60.0, -1.0, 81.4310230135, 
16, 70, 6.61172161117, 6, 0.238, 0.131, 17, 0.247, -0.018, -6, 0.236, -0.135, -23, 0.238, -0.131, -17, 0.247, 0.018, 6, 0.236, 0.135, 23, -1.0, 60.0, -1.0, 60.0, -1.0, 81.4310230135, 
16, 77, 5.88, 6, 0.238, 0.131, 17, 0.229, 0.138, 7, 0.236, -0.135, -23, 0.238, -0.131, -17, 0.229, -0.137, -7, 0.236, 0.135, 23, -1.0, 60.0, -1.0, 60.0, -1.0, 60.0, 
16, 70, 6.61172161117, 6, 0.238, 0.131, 17, 0.247, -0.018, -6, 0.236, -0.135, -23, 0.238, -0.131, -17, 0.247, 0.018, 6, 0.236, 0.135, 23, -1.0, 60.0, -1.0, 60.0, -1.0, 81.4310230135, 
16, 77, 5.88, 6, 0.238, 0.131, 17, 0.229, 0.138, 7, 0.236, -0.135, -23, 0.238, -0.131, -17, 0.229, -0.137, -7, 0.236, 0.135, 23, -1.0, 60.0, -1.0, 60.0, -1.0, 60.0, 
16, 70, 6.61172161117, 6, 0.238, 0.131, 17, 0.247, -0.018, -6, 0.236, -0.135, -23, 0.238, -0.131, -17, 0.247, 0.018, 6, 0.236, 0.135, 23, -1.0, 60.0, -1.0, 60.0, -1.0, 81.4310230135, 
16, 102, 9.21117249333, 6, 0.238, 0.131, 17, 0.247, -0.018, -6, 0.236, -0.135, -23, 0.238, -0.131, -17, 0.247, 0.018, 6, 0.236, 0.135, 23, -1.0, 60.0, -1.0, 60.0, 0.375199074074, 100.0, 
16, 70, 6.61172161117, 6, 0.238, 0.131, 17, 0.247, -0.018, -6, 0.236, -0.135, -23, 0.238, -0.131, -17, 0.247, 0.018, 6, 0.236, 0.135, 23, -1.0, 60.0, -1.0, 60.0, -1.0, 81.4310230135, 
16, 70, 6.61172161117, 6, 0.238, 0.131, 17, 0.247, -0.018, -6, 0.236, -0.135, -23, 0.238, -0.131, -17, 0.247, 0.018, 6, 0.236, 0.135, 23, -1.0, 60.0, -1.0, 60.0, -1.0, 81.4310230135, 
16, 70, 6.61172161117, 6, 0.238, 0.131, 17, 0.247, -0.018, -6, 0.236, -0.135, -23, 0.238, -0.131, -17, 0.247, 0.018, 6, 0.236, 0.135, 23, -1.0, 60.0, -1.0, 60.0, -1.0, 81.4310230135, 
16, 70, 6.61172161117, 6, 0.238, 0.131, 17, 0.247, -0.018, -6, 0.236, -0.135, -23, 0.238, -0.131, -17, 0.247, 0.018, 6, 0.236, 0.135, 23, -1.0, 60.0, -1.0, 60.0, -1.0, 81.4310230135, 
16, 102, 9.21117249333, 6, 0.238, 0.131, 17, 0.247, -0.018, -6, 0.236, -0.135, -23, 0.238, -0.131, -17, 0.247, 0.018, 6, 0.236, 0.135, 23, -1.0, 60.0, -1.0, 60.0, 0.375199074074, 100.0, 
16, 70, 6.61172161117, 6, 0.238, 0.131, 17, 0.247, -0.018, -6, 0.236, -0.135, -23, 0.238, -0.131, -17, 0.247, 0.018, 6, 0.236, 0.135, 23, -1.0, 60.0, -1.0, 60.0, -1.0, 81.4310230135, 
16, 70, 6.61172161117, 6, 0.238, 0.131, 17, 0.247, -0.018, -6, 0.236, -0.135, -23, 0.238, -0.131, -17, 0.247, 0.018, 6, 0.236, 0.135, 23, -1.0, 60.0, -1.0, 60.0, -1.0, 81.4310230135, 
16, 102, 9.21117249333, 6, 0.238, 0.131, 17, 0.247, -0.018, -6, 0.236, -0.135, -23, 0.238, -0.131, -17, 0.247, 0.018, 6, 0.236, 0.135, 23, -1.0, 60.0, -1.0, 60.0, 0.375199074074, 100.0, 
17, 130, 5.88, 6, 0.238, 0.131, 17, 0.247, -0.018, -6, 0.236, -0.135, -23, 0.238, -0.131, -17, 0.247, 0.018, 6, 0.236, 0.135, 23, -1.0, 60.0, -1.0, 60.0, -1.0, 60.0, 
17, 70, 6.61172161117, 6, 0.238, 0.131, 17, 0.247, -0.018, -6, 0.236, -0.135, -23, 0.238, -0.131, -17, 0.247, 0.018, 6, 0.236, 0.135, 23, -1.0, 60.0, -1.0, 60.0, -1.0, 81.4310230135, 
17, 70, 6.61172161117, 6, 0.238, 0.131, 17, 0.247, -0.018, -6, 0.236, -0.135, -23, 0.238, -0.131, -17, 0.247, 0.018, 6, 0.236, 0.135, 23, -1.0, 60.0, -1.0, 60.0, -1.0, 81.4310230135, 
17, 102, 9.21117249333, 6, 0.238, 0.131, 17, 0.247, -0.018, -6, 0.236, -0.135, -23, 0.238, -0.131, -17, 0.247, 0.018, 6, 0.236, 0.135, 23, -1.0, 60.0, -1.0, 60.0, 0.375199074074, 100.0, 
17, 102, 9.21117249333, 6, 0.238, 0.131, 17, 0.247, -0.018, -6, 0.236, -0.135, -23, 0.238, -0.131, -17, 0.247, 0.018, 6, 0.236, 0.135, 23, -1.0, 60.0, -1.0, 60.0, 0.375199074074, 100.0, 
17, 70, 6.61172161117, 6, 0.238, 0.131, 17, 0.247, -0.018, -6, 0.236, -0.135, -23, 0.238, -0.131, -17, 0.247, 0.018, 6, 0.236, 0.135, 23, -1.0, 60.0, -1.0, 60.0, -1.0, 81.4310230135, 
17, 70, 6.61172161117, 6, 0.238, 0.131, 17, 0.247, -0.018, -6, 0.236, -0.135, -23, 0.238, -0.131, -17, 0.247, 0.018, 6, 0.236, 0.135, 23, -1.0, 60.0, -1.0, 60.0, -1.0, 81.4310230135, 
17, 70, 6.61172161117, 6, 0.238, 0.131, 17, 0.247, -0.018, -6, 0.236, -0.135, -23, 0.238, -0.131, -17, 0.247, 0.018, 6, 0.236, 0.135, 23, -1.0, 60.0, -1.0, 60.0, -1.0, 81.4310230135, 
17, 70, 6.61172161117, 6, 0.238, 0.131, 17, 0.247, -0.018, -6, 0.236, -0.135, -23, 0.238, -0.131, -17, 0.247, 0.018, 6, 0.236, 0.135, 23, -1.0, 60.0, -1.0, 60.0, -1.0, 81.4310230135, 
17, 70, 6.61172161117, 6, 0.238, 0.131, 17, 0.247, -0.018, -6, 0.236, -0.135, -23, 0.238, -0.131, -17, 0.247, 0.018, 6, 0.236, 0.135, 23, -1.0, 60.0, -1.0, 60.0, -1.0, 81.4310230135, 
17, 14, 5.88, 6, 0.234, -0.147, -16, 0.229, 0.138, 7, 0.2, 0.086, 30, 0.234, 0.147, 16, 0.229, -0.137, -7, 0.2, -0.086, -30, -1.0, 60.0, -1.0, 60.0, -1.0, 60.0, 
17, 102, 9.21117249333, 6, 0.238, 0.131, 17, 0.247, -0.018, -6, 0.236, -0.135, -23, 0.238, -0.131, -17, 0.247, 0.018, 6, 0.236, 0.135, 23, -1.0, 60.0, -1.0, 60.0, 0.375199074074, 100.0, 
17, 70, 6.61172161117, 6, 0.238, 0.131, 17, 0.247, -0.018, -6, 0.236, -0.135, -23, 0.238, -0.131, -17, 0.247, 0.018, 6, 0.236, 0.135, 23, -1.0, 60.0, -1.0, 60.0, -1.0, 81.4310230135, 
17, 70, 6.61172161117, 6, 0.238, 0.131, 17, 0.247, -0.018, -6, 0.236, -0.135, -23, 0.238, -0.131, -17, 0.247, 0.018, 6, 0.236, 0.135, 23, -1.0, 60.0, -1.0, 60.0, -1.0, 81.4310230135, 
17, 70, 6.61172161117, 6, 0.238, 0.131, 17, 0.247, -0.018, -6, 0.236, -0.135, -23, 0.238, -0.131, -17, 0.247, 0.018, 6, 0.236, 0.135, 23, -1.0, 60.0, -1.0, 60.0, -1.0, 81.4310230135, 
17, 70, 6.61172161117, 6, 0.238, 0.131, 17, 0.247, -0.018, -6, 0.236, -0.135, -23, 0.238, -0.131, -17, 0.247, 0.018, 6, 0.236, 0.135, 23, -1.0, 60.0, -1.0, 60.0, -1.0, 81.4310230135, 
17, 70, 6.61172161117, 6, 0.238, 0.131, 17, 0.247, -0.018, -6, 0.236, -0.135, -23, 0.238, -0.131, -17, 0.247, 0.018, 6, 0.236, 0.135, 23, -1.0, 60.0, -1.0, 60.0, -1.0, 81.4310230135, 
17, 130, 5.88, 6, 0.238, 0.131, 17, 0.247, -0.018, -6, 0.236, -0.135, -23, 0.238, -0.131, -17, 0.247, 0.018, 6, 0.236, 0.135, 23, -1.0, 60.0, -1.0, 60.0, -1.0, 60.0, 
17, 131, 5.88, 6, 0.238, 0.131, 17, 0.247, -0.018, -6, 0.236, -0.135, -23, 0.238, -0.131, -17, 0.247, 0.018, 6, 0.236, 0.135, 23, -1.0, 60.0, -1.0, 60.0, -1.0, 60.0, 
17, 77, 5.88, 6, 0.238, 0.131, 17, 0.229, 0.138, 7, 0.236, -0.135, -23, 0.238, -0.131, -17, 0.229, -0.137, -7, 0.236, 0.135, 23, -1.0, 60.0, -1.0, 60.0, -1.0, 60.0, 
17, 70, 6.61172161117, 6, 0.238, 0.131, 17, 0.247, -0.018, -6, 0.236, -0.135, -23, 0.238, -0.131, -17, 0.247, 0.018, 6, 0.236, 0.135, 23, -1.0, 60.0, -1.0, 60.0, -1.0, 81.4310230135, 
17, 102, 9.21117249333, 6, 0.238, 0.131, 17, 0.247, -0.018, -6, 0.236, -0.135, -23, 0.238, -0.131, -17, 0.247, 0.018, 6, 0.236, 0.135, 23, -1.0, 60.0, -1.0, 60.0, 0.375199074074, 100.0, 
17, 70, 6.61172161117, 6, 0.238, 0.131, 17, 0.247, -0.018, -6, 0.236, -0.135, -23, 0.238, -0.131, -17, 0.247, 0.018, 6, 0.236, 0.135, 23, -1.0, 60.0, -1.0, 60.0, -1.0, 81.4310230135, 
17, 102, 9.21117249333, 6, 0.238, 0.131, 17, 0.247, -0.018, -6, 0.236, -0.135, -23, 0.238, -0.131, -17, 0.247, 0.018, 6, 0.236, 0.135, 23, -1.0, 60.0, -1.0, 60.0, 0.375199074074, 100.0, 
17, 70, 6.61172161117, 6, 0.238, 0.131, 17, 0.247, -0.018, -6, 0.236, -0.135, -23, 0.238, -0.131, -17, 0.247, 0.018, 6, 0.236, 0.135, 23, -1.0, 60.0, -1.0, 60.0, -1.0, 81.4310230135, 
17, 70, 6.61172161117, 6, 0.238, 0.131, 17, 0.247, -0.018, -6, 0.236, -0.135, -23, 0.238, -0.131, -17, 0.247, 0.018, 6, 0.236, 0.135, 23, -1.0, 60.0, -1.0, 60.0, -1.0, 81.4310230135, 
17, 102, 9.21117249333, 6, 0.238, 0.131, 17, 0.247, -0.018, -6, 0.236, -0.135, -23, 0.238, -0.131, -17, 0.247, 0.018, 6, 0.236, 0.135, 23, -1.0, 60.0, -1.0, 60.0, 0.375199074074, 100.0, 
17, 70, 6.61172161117, 6, 0.238, 0.131, 17, 0.247, -0.018, -6, 0.236, -0.135, -23, 0.238, -0.131, -17, 0.247, 0.018, 6, 0.236, 0.135, 23, -1.0, 60.0, -1.0, 60.0, -1.0, 81.4310230135, 
17, 70, 6.61172161117, 6, 0.238, 0.131, 17, 0.247, -0.018, -6, 0.236, -0.135, -23, 0.238, -0.131, -17, 0.247, 0.018, 6, 0.236, 0.135, 23, -1.0, 60.0, -1.0, 60.0, -1.0, 81.4310230135, 
17, 102, 9.21117249333, 6, 0.238, 0.131, 17, 0.247, -0.018, -6, 0.236, -0.135, -23, 0.238, -0.131, -17, 0.247, 0.018, 6, 0.236, 0.135, 23, -1.0, 60.0, -1.0, 60.0, 0.375199074074, 100.0, 
