*****Sonar Placement GA Expirement*****
Start Time: 2017-12-31 12:48:29.496027
Rand_seed:1
End Time: 2017-12-31 23:13:29.266212
Running Time: 10:24:57.585891
Population size:30
Generation Count:25
Mutation Probability:0.15
Cross Over Probability:0.25
***** Constraints *****
Max Number of Sensors: 10
X Position: [0, 100]
Y Position: [0, 100]
Z Orient: [-90, 90]
***** Enviroment Factors *****
Sensor Knockout: True
Sensor Knockout Type: complete
Max Sim Time: 270
*****************************
Generation, ID, Fitness, Number of Sonar, S1_P_X, S1_P_Y, S1_O, S2_P_X, S2_P_Y, S2_O, S3_P_X, S3_P_Y, S3_O, S4_P_X, S4_P_Y, S4_O, S5_P_X, S5_P_Y, S5_O, S6_P_X, S6_P_Y, S6_O, S7_P_X, S7_P_Y, S7_O, S8_P_X, S8_P_Y, S8_O, S9_P_X, S9_P_Y, S9_O, S10_P_X, S10_P_Y, S10_O, Raw Fitness
0, 0, 8.84768878918, 2, 0.239, -0.137, -50, 0.239, 0.138, 50,  , , ,  , , ,  , , ,  , , ,  , , ,  , , ,  , , ,  , , , 
0, 1, 3.41773904727, 6, 0.24, 0.105, 98, 0.222, -0.112, 0, 0.144, -0.138, -88, 0.24, -0.104, -98, 0.222, 0.112, 0, 0.144, 0.139, 88,  , , ,  , , ,  , , ,  , , , 
0, 2, 10.5276566634, 10, 0.004, 0.127, 43, 0.211, -0.016, 29, 0.222, 0.0, 16, 0.211, -0.008, 13, 0.168, 0.128, 58, 0.004, -0.127, -43, 0.211, 0.016, -29, 0.222, 0.0, -16, 0.211, 0.008, -13, 0.168, -0.128, -58, 
0, 3, 4.53956252726, 2, 0.243, -0.144, -33, 0.243, 0.144, 33,  , , ,  , , ,  , , ,  , , ,  , , ,  , , ,  , , ,  , , , 
0, 4, 11.3245819163, 8, 0.247, 0.121, 17, 0.215, 0.13, 11, 0.226, -0.12, -3, 0.24, -0.018, 20, 0.247, -0.121, -17, 0.215, -0.13, -11, 0.226, 0.121, 3, 0.24, 0.018, -20,  , , ,  , , , 
0, 5, 11.6922283039, 6, 0.234, 0.119, 56, 0.156, -0.124, -60, 0.004, -0.148, -75, 0.234, -0.118, -56, 0.156, 0.124, 60, 0.004, 0.148, 75,  , , ,  , , ,  , , ,  , , , 
0, 6, 3.33215655587, 10, 0.078, -0.141, -65, 0.239, -0.123, -86, 0.226, 0.092, -5, 0.054, -0.122, -88, 0.158, 0.141, 45, 0.078, 0.142, 65, 0.239, 0.123, 86, 0.226, -0.092, 5, 0.054, 0.123, 88, 0.158, -0.141, -45, 
0, 7, 6.92080369933, 8, 0.226, -0.122, -43, 0.174, 0.129, 80, 0.096, -0.132, -57, 0.124, -0.119, -63, 0.226, 0.122, 43, 0.174, -0.129, -80, 0.096, 0.132, 57, 0.124, 0.12, 63,  , , ,  , , , 
0, 8, 4.52259564639, 2, 0.209, 0.018, -22, 0.209, -0.018, 22,  , , ,  , , ,  , , ,  , , ,  , , ,  , , ,  , , ,  , , , 
0, 9, 7.23760741142, 8, 0.241, 0.113, 15, 0.204, 0.101, 99, 0.213, 0.106, 37, 0.204, -0.068, -2, 0.241, -0.112, -15, 0.204, -0.1, -99, 0.213, -0.105, -37, 0.204, 0.068, 2,  , , ,  , , , 
0, 10, 4.11557609837, 2, 0.236, -0.01, 11, 0.236, 0.01, -11,  , , ,  , , ,  , , ,  , , ,  , , ,  , , ,  , , ,  , , , 
0, 11, 7.03561703263, 6, 0.078, 0.121, 81, 0.18, 0.126, 80, 0.241, 0.101, 99, 0.078, -0.121, -81, 0.18, -0.126, -80, 0.241, -0.101, -99,  , , ,  , , ,  , , ,  , , , 
0, 12, 8.33551298434, 2, 0.208, 0.136, 32, 0.208, -0.136, -32,  , , ,  , , ,  , , ,  , , ,  , , ,  , , ,  , , ,  , , , 
0, 13, 3.96209973398, 6, 0.249, 0.06, -1, 0.233, -0.022, -5, 0.232, -0.09, 12, 0.249, -0.06, 1, 0.233, 0.022, 5, 0.232, 0.09, -12,  , , ,  , , ,  , , ,  , , , 
0, 14, 9.94199094362, 10, 0.215, -0.107, -31, 0.238, -0.129, -25, 0.176, 0.102, 49, 0.229, -0.141, -87, 0.236, -0.124, -38, 0.215, 0.107, 31, 0.238, 0.129, 25, 0.176, -0.101, -49, 0.229, 0.142, 87, 0.236, 0.124, 38, 
0, 15, 8.15952893539, 4, 0.234, -0.014, 19, 0.134, 0.115, 65, 0.234, 0.014, -19, 0.134, -0.114, -65,  , , ,  , , ,  , , ,  , , ,  , , ,  , , , 
0, 16, 8.83351150891, 4, 0.245, -0.149, -20, 0.249, 0.058, 10, 0.245, 0.15, 20, 0.249, -0.058, -10,  , , ,  , , ,  , , ,  , , ,  , , ,  , , , 
0, 17, 7.6091368437, 4, 0.242, 0.147, 66, 0.235, -0.126, -99, 0.242, -0.147, -66, 0.235, 0.126, 99,  , , ,  , , ,  , , ,  , , ,  , , ,  , , , 
0, 18, 8.76577490749, 4, 0.204, 0.109, 8, 0.238, 0.02, -21, 0.204, -0.108, -8, 0.238, -0.02, 21,  , , ,  , , ,  , , ,  , , ,  , , ,  , , , 
0, 19, 11.8528600947, 4, 0.215, 0.074, -6, 0.245, -0.143, -55, 0.215, -0.074, 6, 0.245, 0.144, 55,  , , ,  , , ,  , , ,  , , ,  , , ,  , , , 
0, 20, 12.9631712187, 2, 0.014, 0.144, 50, 0.014, -0.143, -50,  , , ,  , , ,  , , ,  , , ,  , , ,  , , ,  , , ,  , , , 
0, 21, 9.93388864166, 10, 0.231, 0.056, 7, 0.044, -0.146, -53, 0.229, -0.103, -46, 0.24, 0.066, 30, 0.205, 0.106, 11, 0.231, -0.056, -7, 0.044, 0.146, 53, 0.229, 0.104, 46, 0.24, -0.066, -30, 0.205, -0.105, -11, 
0, 22, 4.52197604331, 2, 0.249, -0.016, 23, 0.249, 0.016, -23,  , , ,  , , ,  , , ,  , , ,  , , ,  , , ,  , , ,  , , , 
0, 23, 4.52537046425, 2, 0.238, -0.08, -25, 0.238, 0.08, 25,  , , ,  , , ,  , , ,  , , ,  , , ,  , , ,  , , ,  , , , 
0, 24, 13.0118679672, 4, 0.246, -0.136, -25, 0.02, -0.117, -42, 0.246, 0.136, 25, 0.02, 0.118, 42,  , , ,  , , ,  , , ,  , , ,  , , ,  , , , 
0, 25, 8.8961543533, 2, 0.215, -0.12, -45, 0.215, 0.12, 45,  , , ,  , , ,  , , ,  , , ,  , , ,  , , ,  , , ,  , , , 
0, 26, 11.8786922219, 4, 0.184, 0.149, 41, 0.042, 0.131, 41, 0.184, -0.148, -41, 0.042, -0.131, -41,  , , ,  , , ,  , , ,  , , ,  , , ,  , , , 
0, 27, 8.29964388706, 6, 0.233, 0.113, 46, 0.212, -0.084, 13, 0.223, -0.117, -64, 0.233, -0.113, -46, 0.212, 0.084, -13, 0.223, 0.118, 64,  , , ,  , , ,  , , ,  , , , 
0, 28, 9.71995694429, 10, 0.215, -0.034, 11, 0.245, -0.135, -33, 0.116, -0.12, -52, 0.048, 0.104, 62, 0.014, 0.132, 76, 0.215, 0.034, -11, 0.245, 0.135, 33, 0.116, 0.12, 52, 0.048, -0.103, -62, 0.014, -0.132, -76, 
0, 29, 6.96286360744, 8, 0.174, -0.142, -65, 0.204, 0.148, 83, 0.249, 0.141, 68, 0.102, 0.146, 76, 0.174, 0.143, 65, 0.204, -0.147, -83, 0.249, -0.141, -68, 0.102, -0.146, -76,  , , ,  , , , 
1, 24, 13.0118679672, 4, 0.246, -0.136, -25, 0.02, -0.117, -42, 0.246, 0.136, 25, 0.02, 0.118, 42,  , , ,  , , ,  , , ,  , , ,  , , ,  , , , 
1, 26, 11.8786922219, 4, 0.184, 0.149, 41, 0.042, 0.131, 41, 0.184, -0.148, -41, 0.042, -0.131, -41,  , , ,  , , ,  , , ,  , , ,  , , ,  , , , 
1, 0, 8.84768878918, 2, 0.239, -0.137, -50, 0.239, 0.138, 50,  , , ,  , , ,  , , ,  , , ,  , , ,  , , ,  , , ,  , , , 
1, 27, 8.29964388706, 6, 0.233, 0.113, 46, 0.212, -0.084, 13, 0.223, -0.117, -64, 0.233, -0.113, -46, 0.212, 0.084, -13, 0.223, 0.118, 64,  , , ,  , , ,  , , ,  , , , 
1, 24, 13.0118679672, 4, 0.246, -0.136, -25, 0.02, -0.117, -42, 0.246, 0.136, 25, 0.02, 0.118, 42,  , , ,  , , ,  , , ,  , , ,  , , ,  , , , 
1, 25, 8.8961543533, 2, 0.215, -0.12, -45, 0.215, 0.12, 45,  , , ,  , , ,  , , ,  , , ,  , , ,  , , ,  , , ,  , , , 
1, 20, 12.9631712187, 2, 0.014, 0.144, 50, 0.014, -0.143, -50,  , , ,  , , ,  , , ,  , , ,  , , ,  , , ,  , , ,  , , , 
1, 4, 11.3245819163, 8, 0.247, 0.121, 17, 0.215, 0.13, 11, 0.226, -0.12, -3, 0.24, -0.018, 20, 0.247, -0.121, -17, 0.215, -0.13, -11, 0.226, 0.121, 3, 0.24, 0.018, -20,  , , ,  , , , 
1, 20, 12.9631712187, 2, 0.014, 0.144, 50, 0.014, -0.143, -50,  , , ,  , , ,  , , ,  , , ,  , , ,  , , ,  , , ,  , , , 
1, 7, 6.92080369933, 8, 0.226, -0.122, -43, 0.174, 0.129, 80, 0.096, -0.132, -57, 0.124, -0.119, -63, 0.226, 0.122, 43, 0.174, -0.129, -80, 0.096, 0.132, 57, 0.124, 0.12, 63,  , , ,  , , , 
1, 24, 13.0118679672, 4, 0.246, -0.136, -25, 0.02, -0.117, -42, 0.246, 0.136, 25, 0.02, 0.118, 42,  , , ,  , , ,  , , ,  , , ,  , , ,  , , , 
1, 25, 8.8961543533, 2, 0.215, -0.12, -45, 0.215, 0.12, 45,  , , ,  , , ,  , , ,  , , ,  , , ,  , , ,  , , ,  , , , 
1, 11, 7.03561703263, 6, 0.078, 0.121, 81, 0.18, 0.126, 80, 0.241, 0.101, 99, 0.078, -0.121, -81, 0.18, -0.126, -80, 0.241, -0.101, -99,  , , ,  , , ,  , , ,  , , , 
1, 7, 6.92080369933, 8, 0.226, -0.122, -43, 0.174, 0.129, 80, 0.096, -0.132, -57, 0.124, -0.119, -63, 0.226, 0.122, 43, 0.174, -0.129, -80, 0.096, 0.132, 57, 0.124, 0.12, 63,  , , ,  , , , 
1, 19, 11.8528600947, 4, 0.215, 0.074, -6, 0.245, -0.143, -55, 0.215, -0.074, 6, 0.245, 0.144, 55,  , , ,  , , ,  , , ,  , , ,  , , ,  , , , 
1, 12, 8.33551298434, 2, 0.208, 0.136, 32, 0.208, -0.136, -32,  , , ,  , , ,  , , ,  , , ,  , , ,  , , ,  , , ,  , , , 
1, 10, 4.11557609837, 2, 0.236, -0.01, 11, 0.236, 0.01, -11,  , , ,  , , ,  , , ,  , , ,  , , ,  , , ,  , , ,  , , , 
1, 4, 11.3245819163, 8, 0.247, 0.121, 17, 0.215, 0.13, 11, 0.226, -0.12, -3, 0.24, -0.018, 20, 0.247, -0.121, -17, 0.215, -0.13, -11, 0.226, 0.121, 3, 0.24, 0.018, -20,  , , ,  , , , 
1, 24, 13.0118679672, 4, 0.246, -0.136, -25, 0.02, -0.117, -42, 0.246, 0.136, 25, 0.02, 0.118, 42,  , , ,  , , ,  , , ,  , , ,  , , ,  , , , 
1, 12, 8.33551298434, 2, 0.208, 0.136, 32, 0.208, -0.136, -32,  , , ,  , , ,  , , ,  , , ,  , , ,  , , ,  , , ,  , , , 
1, 18, 8.76577490749, 4, 0.204, 0.109, 8, 0.238, 0.02, -21, 0.204, -0.108, -8, 0.238, -0.02, 21,  , , ,  , , ,  , , ,  , , ,  , , ,  , , , 
1, 0, 8.84768878918, 2, 0.239, -0.137, -50, 0.239, 0.138, 50,  , , ,  , , ,  , , ,  , , ,  , , ,  , , ,  , , ,  , , , 
1, 19, 11.8528600947, 4, 0.215, 0.074, -6, 0.245, -0.143, -55, 0.215, -0.074, 6, 0.245, 0.144, 55,  , , ,  , , ,  , , ,  , , ,  , , ,  , , , 
1, 20, 12.9631712187, 2, 0.014, 0.144, 50, 0.014, -0.143, -50,  , , ,  , , ,  , , ,  , , ,  , , ,  , , ,  , , ,  , , , 
1, 21, 9.93388864166, 10, 0.231, 0.056, 7, 0.044, -0.146, -53, 0.229, -0.103, -46, 0.24, 0.066, 30, 0.205, 0.106, 11, 0.231, -0.056, -7, 0.044, 0.146, 53, 0.229, 0.104, 46, 0.24, -0.066, -30, 0.205, -0.105, -11, 
1, 14, 9.94199094362, 10, 0.215, -0.107, -31, 0.238, -0.129, -25, 0.176, 0.102, 49, 0.229, -0.141, -87, 0.236, -0.124, -38, 0.215, 0.107, 31, 0.238, 0.129, 25, 0.176, -0.101, -49, 0.229, 0.142, 87, 0.236, 0.124, 38, 
1, 16, 8.83351150891, 4, 0.245, -0.149, -20, 0.249, 0.058, 10, 0.245, 0.15, 20, 0.249, -0.058, -10,  , , ,  , , ,  , , ,  , , ,  , , ,  , , , 
1, 27, 8.29964388706, 6, 0.233, 0.113, 46, 0.212, -0.084, 13, 0.223, -0.117, -64, 0.233, -0.113, -46, 0.212, 0.084, -13, 0.223, 0.118, 64,  , , ,  , , ,  , , ,  , , , 
1, 19, 11.8528600947, 4, 0.215, 0.074, -6, 0.245, -0.143, -55, 0.215, -0.074, 6, 0.245, 0.144, 55,  , , ,  , , ,  , , ,  , , ,  , , ,  , , , 
1, 2, 10.5276566634, 10, 0.004, 0.127, 43, 0.211, -0.016, 29, 0.222, 0.0, 16, 0.211, -0.008, 13, 0.168, 0.128, 58, 0.004, -0.127, -43, 0.211, 0.016, -29, 0.222, 0.0, -16, 0.211, 0.008, -13, 0.168, -0.128, -58, 
2, 30, 13.7606020175, 2, 0.184, 0.149, 41, 0.184, -0.148, -41,  , , ,  , , ,  , , ,  , , ,  , , ,  , , ,  , , ,  , , , 
2, 20, 12.9631712187, 2, 0.014, 0.144, 50, 0.014, -0.143, -50,  , , ,  , , ,  , , ,  , , ,  , , ,  , , ,  , , ,  , , , 
2, 24, 13.0118679672, 4, 0.246, -0.136, -25, 0.02, -0.117, -42, 0.246, 0.136, 25, 0.02, 0.118, 42,  , , ,  , , ,  , , ,  , , ,  , , ,  , , , 
2, 37, 10.0572494999, 10, 0.246, -0.136, -25, 0.044, -0.146, -53, 0.229, -0.103, 30, 0.24, 0.066, 30, 0.205, 0.106, 11, 0.246, 0.136, 25, 0.044, 0.146, 53, 0.229, 0.104, -30, 0.24, -0.066, -30, 0.205, -0.105, -11, 
2, 35, 11.0453530921, 8, 0.215, -0.12, -45, 0.215, 0.13, 11, 0.226, -0.12, -3, 0.24, -0.018, 20, 0.215, 0.12, 45, 0.215, -0.13, -11, 0.226, 0.121, 3, 0.24, 0.018, -20,  , , ,  , , , 
2, 42, 11.9924757248, 4, 0.208, 0.136, 32, 0.245, -0.143, -55, 0.208, -0.136, -32, 0.245, 0.144, 55,  , , ,  , , ,  , , ,  , , ,  , , ,  , , , 
2, 4, 11.3245819163, 8, 0.247, 0.121, 17, 0.215, 0.13, 11, 0.226, -0.12, -3, 0.24, -0.018, 20, 0.247, -0.121, -17, 0.215, -0.13, -11, 0.226, 0.121, 3, 0.24, 0.018, -20,  , , ,  , , , 
2, 32, 12.5133942342, 2, 0.215, -0.149, -45, 0.215, 0.149, 45,  , , ,  , , ,  , , ,  , , ,  , , ,  , , ,  , , ,  , , , 
2, 4, 11.3245819163, 8, 0.247, 0.121, 17, 0.215, 0.13, 11, 0.226, -0.12, -3, 0.24, -0.018, 20, 0.247, -0.121, -17, 0.215, -0.13, -11, 0.226, 0.121, 3, 0.24, 0.018, -20,  , , ,  , , , 
2, 19, 11.8528600947, 4, 0.215, 0.074, -6, 0.245, -0.143, -55, 0.215, -0.074, 6, 0.245, 0.144, 55,  , , ,  , , ,  , , ,  , , ,  , , ,  , , , 
2, 24, 13.0118679672, 4, 0.246, -0.136, -25, 0.02, -0.117, -42, 0.246, 0.136, 25, 0.02, 0.118, 42,  , , ,  , , ,  , , ,  , , ,  , , ,  , , , 
2, 24, 13.0118679672, 4, 0.246, -0.136, -25, 0.02, -0.117, -42, 0.246, 0.136, 25, 0.02, 0.118, 42,  , , ,  , , ,  , , ,  , , ,  , , ,  , , , 
2, 4, 11.3245819163, 8, 0.247, 0.121, 17, 0.215, 0.13, 11, 0.226, -0.12, -3, 0.24, -0.018, 20, 0.247, -0.121, -17, 0.215, -0.13, -11, 0.226, 0.121, 3, 0.24, 0.018, -20,  , , ,  , , , 
2, 31, 12.2791653015, 2, 0.154, 0.113, -75, 0.154, -0.112, 75,  , , ,  , , ,  , , ,  , , ,  , , ,  , , ,  , , ,  , , , 
2, 32, 12.5133942342, 2, 0.215, -0.149, -45, 0.215, 0.149, 45,  , , ,  , , ,  , , ,  , , ,  , , ,  , , ,  , , ,  , , , 
2, 32, 12.5133942342, 2, 0.215, -0.149, -45, 0.215, 0.149, 45,  , , ,  , , ,  , , ,  , , ,  , , ,  , , ,  , , ,  , , , 
2, 4, 11.3245819163, 8, 0.247, 0.121, 17, 0.215, 0.13, 11, 0.226, -0.12, -3, 0.24, -0.018, 20, 0.247, -0.121, -17, 0.215, -0.13, -11, 0.226, 0.121, 3, 0.24, 0.018, -20,  , , ,  , , , 
2, 27, 8.29964388706, 6, 0.233, 0.113, 46, 0.212, -0.084, 13, 0.223, -0.117, -64, 0.233, -0.113, -46, 0.212, 0.084, -13, 0.223, 0.118, 64,  , , ,  , , ,  , , ,  , , , 
2, 36, 9.94190137609, 2, 0.247, 0.121, 17, 0.247, -0.121, -17,  , , ,  , , ,  , , ,  , , ,  , , ,  , , ,  , , ,  , , , 
2, 35, 11.0453530921, 8, 0.215, -0.12, -45, 0.215, 0.13, 11, 0.226, -0.12, -3, 0.24, -0.018, 20, 0.215, 0.12, 45, 0.215, -0.13, -11, 0.226, 0.121, 3, 0.24, 0.018, -20,  , , ,  , , , 
2, 16, 8.83351150891, 4, 0.245, -0.149, -20, 0.249, 0.058, 10, 0.245, 0.15, 20, 0.249, -0.058, -10,  , , ,  , , ,  , , ,  , , ,  , , ,  , , , 
2, 30, 13.7606020175, 2, 0.184, 0.149, 41, 0.184, -0.148, -41,  , , ,  , , ,  , , ,  , , ,  , , ,  , , ,  , , ,  , , , 
2, 20, 12.9631712187, 2, 0.014, 0.144, 50, 0.014, -0.143, -50,  , , ,  , , ,  , , ,  , , ,  , , ,  , , ,  , , ,  , , , 
2, 20, 12.9631712187, 2, 0.014, 0.144, 50, 0.014, -0.143, -50,  , , ,  , , ,  , , ,  , , ,  , , ,  , , ,  , , ,  , , , 
2, 26, 11.8786922219, 4, 0.184, 0.149, 41, 0.042, 0.131, 41, 0.184, -0.148, -41, 0.042, -0.131, -41,  , , ,  , , ,  , , ,  , , ,  , , ,  , , , 
2, 32, 12.5133942342, 2, 0.215, -0.149, -45, 0.215, 0.149, 45,  , , ,  , , ,  , , ,  , , ,  , , ,  , , ,  , , ,  , , , 
2, 24, 13.0118679672, 4, 0.246, -0.136, -25, 0.02, -0.117, -42, 0.246, 0.136, 25, 0.02, 0.118, 42,  , , ,  , , ,  , , ,  , , ,  , , ,  , , , 
2, 24, 13.0118679672, 4, 0.246, -0.136, -25, 0.02, -0.117, -42, 0.246, 0.136, 25, 0.02, 0.118, 42,  , , ,  , , ,  , , ,  , , ,  , , ,  , , , 
2, 0, 8.84768878918, 2, 0.239, -0.137, -50, 0.239, 0.138, 50,  , , ,  , , ,  , , ,  , , ,  , , ,  , , ,  , , ,  , , , 
2, 4, 11.3245819163, 8, 0.247, 0.121, 17, 0.215, 0.13, 11, 0.226, -0.12, -3, 0.24, -0.018, 20, 0.247, -0.121, -17, 0.215, -0.13, -11, 0.226, 0.121, 3, 0.24, 0.018, -20,  , , ,  , , , 
3, 45, 14.9617422924, 8, 0.247, 0.121, 17, 0.215, 0.13, 11, 0.226, -0.12, -3, 0.24, -0.018, -28, 0.247, -0.121, -17, 0.215, -0.13, -11, 0.226, 0.121, 3, 0.24, 0.018, 28,  , , ,  , , , 
3, 42, 11.9924757248, 4, 0.208, 0.136, 32, 0.245, -0.143, -55, 0.208, -0.136, -32, 0.245, 0.144, 55,  , , ,  , , ,  , , ,  , , ,  , , ,  , , , 
3, 50, 11.8935460293, 6, 0.215, -0.149, -45, 0.212, -0.084, 13, 0.223, -0.117, -64, 0.215, 0.149, 45, 0.212, 0.084, -13, 0.223, 0.118, 64,  , , ,  , , ,  , , ,  , , , 
3, 24, 13.0118679672, 4, 0.246, -0.136, -25, 0.02, -0.117, -42, 0.246, 0.136, 25, 0.02, 0.118, 42,  , , ,  , , ,  , , ,  , , ,  , , ,  , , , 
3, 20, 12.9631712187, 2, 0.014, 0.144, 50, 0.014, -0.143, -50,  , , ,  , , ,  , , ,  , , ,  , , ,  , , ,  , , ,  , , , 
3, 24, 13.0118679672, 4, 0.246, -0.136, -25, 0.02, -0.117, -42, 0.246, 0.136, 25, 0.02, 0.118, 42,  , , ,  , , ,  , , ,  , , ,  , , ,  , , , 
3, 20, 12.9631712187, 2, 0.014, 0.144, 50, 0.014, -0.143, -50,  , , ,  , , ,  , , ,  , , ,  , , ,  , , ,  , , ,  , , , 
3, 24, 13.0118679672, 4, 0.246, -0.136, -25, 0.02, -0.117, -42, 0.246, 0.136, 25, 0.02, 0.118, 42,  , , ,  , , ,  , , ,  , , ,  , , ,  , , , 
3, 47, 11.2202369234, 6, 0.246, -0.136, -25, 0.02, -0.117, -42, 0.216, -0.131, 58, 0.246, 0.136, 25, 0.02, 0.118, 42, 0.216, 0.131, -58,  , , ,  , , ,  , , ,  , , , 
3, 24, 13.0118679672, 4, 0.246, -0.136, -25, 0.02, -0.117, -42, 0.246, 0.136, 25, 0.02, 0.118, 42,  , , ,  , , ,  , , ,  , , ,  , , ,  , , , 
3, 32, 12.5133942342, 2, 0.215, -0.149, -45, 0.215, 0.149, 45,  , , ,  , , ,  , , ,  , , ,  , , ,  , , ,  , , ,  , , , 
3, 24, 13.0118679672, 4, 0.246, -0.136, -25, 0.02, -0.117, -42, 0.246, 0.136, 25, 0.02, 0.118, 42,  , , ,  , , ,  , , ,  , , ,  , , ,  , , , 
3, 24, 13.0118679672, 4, 0.246, -0.136, -25, 0.02, -0.117, -42, 0.246, 0.136, 25, 0.02, 0.118, 42,  , , ,  , , ,  , , ,  , , ,  , , ,  , , , 
3, 32, 12.5133942342, 2, 0.215, -0.149, -45, 0.215, 0.149, 45,  , , ,  , , ,  , , ,  , , ,  , , ,  , , ,  , , ,  , , , 
3, 20, 12.9631712187, 2, 0.014, 0.144, 50, 0.014, -0.143, -50,  , , ,  , , ,  , , ,  , , ,  , , ,  , , ,  , , ,  , , , 
3, 30, 13.7606020175, 2, 0.184, 0.149, 41, 0.184, -0.148, -41,  , , ,  , , ,  , , ,  , , ,  , , ,  , , ,  , , ,  , , , 
3, 32, 12.5133942342, 2, 0.215, -0.149, -45, 0.215, 0.149, 45,  , , ,  , , ,  , , ,  , , ,  , , ,  , , ,  , , ,  , , , 
3, 49, 12.418243004, 4, 0.247, 0.121, 17, 0.249, 0.058, 10, 0.247, -0.121, -17, 0.249, -0.058, -10,  , , ,  , , ,  , , ,  , , ,  , , ,  , , , 
3, 24, 13.0118679672, 4, 0.246, -0.136, -25, 0.02, -0.117, -42, 0.246, 0.136, 25, 0.02, 0.118, 42,  , , ,  , , ,  , , ,  , , ,  , , ,  , , , 
3, 43, 12.5564120587, 2, 0.072, 0.149, 41, 0.072, -0.148, -41,  , , ,  , , ,  , , ,  , , ,  , , ,  , , ,  , , ,  , , , 
3, 43, 12.5564120587, 2, 0.072, 0.149, 41, 0.072, -0.148, -41,  , , ,  , , ,  , , ,  , , ,  , , ,  , , ,  , , ,  , , , 
3, 24, 13.0118679672, 4, 0.246, -0.136, -25, 0.02, -0.117, -42, 0.246, 0.136, 25, 0.02, 0.118, 42,  , , ,  , , ,  , , ,  , , ,  , , ,  , , , 
3, 50, 11.8935460293, 6, 0.215, -0.149, -45, 0.212, -0.084, 13, 0.223, -0.117, -64, 0.215, 0.149, 45, 0.212, 0.084, -13, 0.223, 0.118, 64,  , , ,  , , ,  , , ,  , , , 
3, 47, 11.2202369234, 6, 0.246, -0.136, -25, 0.02, -0.117, -42, 0.216, -0.131, 58, 0.246, 0.136, 25, 0.02, 0.118, 42, 0.216, 0.131, -58,  , , ,  , , ,  , , ,  , , , 
3, 24, 13.0118679672, 4, 0.246, -0.136, -25, 0.02, -0.117, -42, 0.246, 0.136, 25, 0.02, 0.118, 42,  , , ,  , , ,  , , ,  , , ,  , , ,  , , , 
3, 35, 11.0453530921, 8, 0.215, -0.12, -45, 0.215, 0.13, 11, 0.226, -0.12, -3, 0.24, -0.018, 20, 0.215, 0.12, 45, 0.215, -0.13, -11, 0.226, 0.121, 3, 0.24, 0.018, -20,  , , ,  , , , 
3, 32, 12.5133942342, 2, 0.215, -0.149, -45, 0.215, 0.149, 45,  , , ,  , , ,  , , ,  , , ,  , , ,  , , ,  , , ,  , , , 
3, 30, 13.7606020175, 2, 0.184, 0.149, 41, 0.184, -0.148, -41,  , , ,  , , ,  , , ,  , , ,  , , ,  , , ,  , , ,  , , , 
3, 42, 11.9924757248, 4, 0.208, 0.136, 32, 0.245, -0.143, -55, 0.208, -0.136, -32, 0.245, 0.144, 55,  , , ,  , , ,  , , ,  , , ,  , , ,  , , , 
3, 4, 11.3245819163, 8, 0.247, 0.121, 17, 0.215, 0.13, 11, 0.226, -0.12, -3, 0.24, -0.018, 20, 0.247, -0.121, -17, 0.215, -0.13, -11, 0.226, 0.121, 3, 0.24, 0.018, -20,  , , ,  , , , 
4, 58, 13.784094543, 2, 0.184, 0.127, 41, 0.184, -0.127, -41,  , , ,  , , ,  , , ,  , , ,  , , ,  , , ,  , , ,  , , , 
4, 32, 12.5133942342, 2, 0.215, -0.149, -45, 0.215, 0.149, 45,  , , ,  , , ,  , , ,  , , ,  , , ,  , , ,  , , ,  , , , 
4, 50, 11.8935460293, 6, 0.215, -0.149, -45, 0.212, -0.084, 13, 0.223, -0.117, -64, 0.215, 0.149, 45, 0.212, 0.084, -13, 0.223, 0.118, 64,  , , ,  , , ,  , , ,  , , , 
4, 32, 12.5133942342, 2, 0.215, -0.149, -45, 0.215, 0.149, 45,  , , ,  , , ,  , , ,  , , ,  , , ,  , , ,  , , ,  , , , 
4, 43, 12.5564120587, 2, 0.072, 0.149, 41, 0.072, -0.148, -41,  , , ,  , , ,  , , ,  , , ,  , , ,  , , ,  , , ,  , , , 
4, 59, 12.002780422, 4, 0.208, 0.136, 32, 0.232, -0.143, -55, 0.208, -0.136, -32, 0.232, 0.144, 55,  , , ,  , , ,  , , ,  , , ,  , , ,  , , , 
4, 30, 13.7606020175, 2, 0.184, 0.149, 41, 0.184, -0.148, -41,  , , ,  , , ,  , , ,  , , ,  , , ,  , , ,  , , ,  , , , 
4, 24, 13.0118679672, 4, 0.246, -0.136, -25, 0.02, -0.117, -42, 0.246, 0.136, 25, 0.02, 0.118, 42,  , , ,  , , ,  , , ,  , , ,  , , ,  , , , 
4, 24, 13.0118679672, 4, 0.246, -0.136, -25, 0.02, -0.117, -42, 0.246, 0.136, 25, 0.02, 0.118, 42,  , , ,  , , ,  , , ,  , , ,  , , ,  , , , 
4, 43, 12.5564120587, 2, 0.072, 0.149, 41, 0.072, -0.148, -41,  , , ,  , , ,  , , ,  , , ,  , , ,  , , ,  , , ,  , , , 
4, 30, 13.7606020175, 2, 0.184, 0.149, 41, 0.184, -0.148, -41,  , , ,  , , ,  , , ,  , , ,  , , ,  , , ,  , , ,  , , , 
4, 57, 12.4646373905, 2, 0.213, -0.149, -45, 0.213, 0.149, 45,  , , ,  , , ,  , , ,  , , ,  , , ,  , , ,  , , ,  , , , 
4, 42, 11.9924757248, 4, 0.208, 0.136, 32, 0.245, -0.143, -55, 0.208, -0.136, -32, 0.245, 0.144, 55,  , , ,  , , ,  , , ,  , , ,  , , ,  , , , 
4, 49, 12.418243004, 4, 0.247, 0.121, 17, 0.249, 0.058, 10, 0.247, -0.121, -17, 0.249, -0.058, -10,  , , ,  , , ,  , , ,  , , ,  , , ,  , , , 
4, 24, 13.0118679672, 4, 0.246, -0.136, -25, 0.02, -0.117, -42, 0.246, 0.136, 25, 0.02, 0.118, 42,  , , ,  , , ,  , , ,  , , ,  , , ,  , , , 
4, 45, 14.9617422924, 8, 0.247, 0.121, 17, 0.215, 0.13, 11, 0.226, -0.12, -3, 0.24, -0.018, -28, 0.247, -0.121, -17, 0.215, -0.13, -11, 0.226, 0.121, 3, 0.24, 0.018, 28,  , , ,  , , , 
4, 24, 13.0118679672, 4, 0.246, -0.136, -25, 0.02, -0.117, -42, 0.246, 0.136, 25, 0.02, 0.118, 42,  , , ,  , , ,  , , ,  , , ,  , , ,  , , , 
4, 57, 12.4646373905, 2, 0.213, -0.149, -45, 0.213, 0.149, 45,  , , ,  , , ,  , , ,  , , ,  , , ,  , , ,  , , ,  , , , 
4, 60, 13.1108126544, 4, 0.215, -0.149, -45, 0.02, -0.117, -42, 0.215, 0.149, 45, 0.02, 0.118, 42,  , , ,  , , ,  , , ,  , , ,  , , ,  , , , 
4, 24, 13.0118679672, 4, 0.246, -0.136, -25, 0.02, -0.117, -42, 0.246, 0.136, 25, 0.02, 0.118, 42,  , , ,  , , ,  , , ,  , , ,  , , ,  , , , 
4, 43, 12.5564120587, 2, 0.072, 0.149, 41, 0.072, -0.148, -41,  , , ,  , , ,  , , ,  , , ,  , , ,  , , ,  , , ,  , , , 
4, 60, 13.1108126544, 4, 0.215, -0.149, -45, 0.02, -0.117, -42, 0.215, 0.149, 45, 0.02, 0.118, 42,  , , ,  , , ,  , , ,  , , ,  , , ,  , , , 
4, 30, 13.7606020175, 2, 0.184, 0.149, 41, 0.184, -0.148, -41,  , , ,  , , ,  , , ,  , , ,  , , ,  , , ,  , , ,  , , , 
4, 24, 13.0118679672, 4, 0.246, -0.136, -25, 0.02, -0.117, -42, 0.246, 0.136, 25, 0.02, 0.118, 42,  , , ,  , , ,  , , ,  , , ,  , , ,  , , , 
4, 43, 12.5564120587, 2, 0.072, 0.149, 41, 0.072, -0.148, -41,  , , ,  , , ,  , , ,  , , ,  , , ,  , , ,  , , ,  , , , 
4, 20, 12.9631712187, 2, 0.014, 0.144, 50, 0.014, -0.143, -50,  , , ,  , , ,  , , ,  , , ,  , , ,  , , ,  , , ,  , , , 
4, 24, 13.0118679672, 4, 0.246, -0.136, -25, 0.02, -0.117, -42, 0.246, 0.136, 25, 0.02, 0.118, 42,  , , ,  , , ,  , , ,  , , ,  , , ,  , , , 
4, 30, 13.7606020175, 2, 0.184, 0.149, 41, 0.184, -0.148, -41,  , , ,  , , ,  , , ,  , , ,  , , ,  , , ,  , , ,  , , , 
4, 30, 13.7606020175, 2, 0.184, 0.149, 41, 0.184, -0.148, -41,  , , ,  , , ,  , , ,  , , ,  , , ,  , , ,  , , ,  , , , 
4, 58, 13.784094543, 2, 0.184, 0.127, 41, 0.184, -0.127, -41,  , , ,  , , ,  , , ,  , , ,  , , ,  , , ,  , , ,  , , , 
5, 63, 14.9058076825, 8, 0.247, 0.121, 17, 0.215, 0.13, 11, 0.226, -0.12, 29, 0.24, -0.018, -28, 0.247, -0.121, -17, 0.215, -0.13, -11, 0.226, 0.121, -29, 0.24, 0.018, 28,  , , ,  , , , 
5, 57, 12.4646373905, 2, 0.213, -0.149, -45, 0.213, 0.149, 45,  , , ,  , , ,  , , ,  , , ,  , , ,  , , ,  , , ,  , , , 
5, 58, 13.784094543, 2, 0.184, 0.127, 41, 0.184, -0.127, -41,  , , ,  , , ,  , , ,  , , ,  , , ,  , , ,  , , ,  , , , 
5, 24, 13.0118679672, 4, 0.246, -0.136, -25, 0.02, -0.117, -42, 0.246, 0.136, 25, 0.02, 0.118, 42,  , , ,  , , ,  , , ,  , , ,  , , ,  , , , 
5, 43, 12.5564120587, 2, 0.072, 0.149, 41, 0.072, -0.148, -41,  , , ,  , , ,  , , ,  , , ,  , , ,  , , ,  , , ,  , , , 
5, 45, 14.9617422924, 8, 0.247, 0.121, 17, 0.215, 0.13, 11, 0.226, -0.12, -3, 0.24, -0.018, -28, 0.247, -0.121, -17, 0.215, -0.13, -11, 0.226, 0.121, 3, 0.24, 0.018, 28,  , , ,  , , , 
5, 58, 13.784094543, 2, 0.184, 0.127, 41, 0.184, -0.127, -41,  , , ,  , , ,  , , ,  , , ,  , , ,  , , ,  , , ,  , , , 
5, 24, 13.0118679672, 4, 0.246, -0.136, -25, 0.02, -0.117, -42, 0.246, 0.136, 25, 0.02, 0.118, 42,  , , ,  , , ,  , , ,  , , ,  , , ,  , , , 
5, 24, 13.0118679672, 4, 0.246, -0.136, -25, 0.02, -0.117, -42, 0.246, 0.136, 25, 0.02, 0.118, 42,  , , ,  , , ,  , , ,  , , ,  , , ,  , , , 
5, 30, 13.7606020175, 2, 0.184, 0.149, 41, 0.184, -0.148, -41,  , , ,  , , ,  , , ,  , , ,  , , ,  , , ,  , , ,  , , , 
5, 24, 13.0118679672, 4, 0.246, -0.136, -25, 0.02, -0.117, -42, 0.246, 0.136, 25, 0.02, 0.118, 42,  , , ,  , , ,  , , ,  , , ,  , , ,  , , , 
5, 60, 13.1108126544, 4, 0.215, -0.149, -45, 0.02, -0.117, -42, 0.215, 0.149, 45, 0.02, 0.118, 42,  , , ,  , , ,  , , ,  , , ,  , , ,  , , , 
5, 60, 13.1108126544, 4, 0.215, -0.149, -45, 0.02, -0.117, -42, 0.215, 0.149, 45, 0.02, 0.118, 42,  , , ,  , , ,  , , ,  , , ,  , , ,  , , , 
5, 24, 13.0118679672, 4, 0.246, -0.136, -25, 0.02, -0.117, -42, 0.246, 0.136, 25, 0.02, 0.118, 42,  , , ,  , , ,  , , ,  , , ,  , , ,  , , , 
5, 43, 12.5564120587, 2, 0.072, 0.149, 41, 0.072, -0.148, -41,  , , ,  , , ,  , , ,  , , ,  , , ,  , , ,  , , ,  , , , 
5, 24, 13.0118679672, 4, 0.246, -0.136, -25, 0.02, -0.117, -42, 0.246, 0.136, 25, 0.02, 0.118, 42,  , , ,  , , ,  , , ,  , , ,  , , ,  , , , 
5, 24, 13.0118679672, 4, 0.246, -0.136, -25, 0.02, -0.117, -42, 0.246, 0.136, 25, 0.02, 0.118, 42,  , , ,  , , ,  , , ,  , , ,  , , ,  , , , 
5, 30, 13.7606020175, 2, 0.184, 0.149, 41, 0.184, -0.148, -41,  , , ,  , , ,  , , ,  , , ,  , , ,  , , ,  , , ,  , , , 
5, 43, 12.5564120587, 2, 0.072, 0.149, 41, 0.072, -0.148, -41,  , , ,  , , ,  , , ,  , , ,  , , ,  , , ,  , , ,  , , , 
5, 60, 13.1108126544, 4, 0.215, -0.149, -45, 0.02, -0.117, -42, 0.215, 0.149, 45, 0.02, 0.118, 42,  , , ,  , , ,  , , ,  , , ,  , , ,  , , , 
5, 43, 12.5564120587, 2, 0.072, 0.149, 41, 0.072, -0.148, -41,  , , ,  , , ,  , , ,  , , ,  , , ,  , , ,  , , ,  , , , 
5, 30, 13.7606020175, 2, 0.184, 0.149, 41, 0.184, -0.148, -41,  , , ,  , , ,  , , ,  , , ,  , , ,  , , ,  , , ,  , , , 
5, 63, 14.9058076825, 8, 0.247, 0.121, 17, 0.215, 0.13, 11, 0.226, -0.12, 29, 0.24, -0.018, -28, 0.247, -0.121, -17, 0.215, -0.13, -11, 0.226, 0.121, -29, 0.24, 0.018, 28,  , , ,  , , , 
5, 57, 12.4646373905, 2, 0.213, -0.149, -45, 0.213, 0.149, 45,  , , ,  , , ,  , , ,  , , ,  , , ,  , , ,  , , ,  , , , 
5, 24, 13.0118679672, 4, 0.246, -0.136, -25, 0.02, -0.117, -42, 0.246, 0.136, 25, 0.02, 0.118, 42,  , , ,  , , ,  , , ,  , , ,  , , ,  , , , 
5, 60, 13.1108126544, 4, 0.215, -0.149, -45, 0.02, -0.117, -42, 0.215, 0.149, 45, 0.02, 0.118, 42,  , , ,  , , ,  , , ,  , , ,  , , ,  , , , 
5, 24, 13.0118679672, 4, 0.246, -0.136, -25, 0.02, -0.117, -42, 0.246, 0.136, 25, 0.02, 0.118, 42,  , , ,  , , ,  , , ,  , , ,  , , ,  , , , 
5, 24, 13.0118679672, 4, 0.246, -0.136, -25, 0.02, -0.117, -42, 0.246, 0.136, 25, 0.02, 0.118, 42,  , , ,  , , ,  , , ,  , , ,  , , ,  , , , 
5, 30, 13.7606020175, 2, 0.184, 0.149, 41, 0.184, -0.148, -41,  , , ,  , , ,  , , ,  , , ,  , , ,  , , ,  , , ,  , , , 
5, 24, 13.0118679672, 4, 0.246, -0.136, -25, 0.02, -0.117, -42, 0.246, 0.136, 25, 0.02, 0.118, 42,  , , ,  , , ,  , , ,  , , ,  , , ,  , , , 
6, 69, 16.5287830498, 2, 0.184, 0.108, 41, 0.184, -0.107, -41,  , , ,  , , ,  , , ,  , , ,  , , ,  , , ,  , , ,  , , , 
6, 24, 13.0118679672, 4, 0.246, -0.136, -25, 0.02, -0.117, -42, 0.246, 0.136, 25, 0.02, 0.118, 42,  , , ,  , , ,  , , ,  , , ,  , , ,  , , , 
6, 24, 13.0118679672, 4, 0.246, -0.136, -25, 0.02, -0.117, -42, 0.246, 0.136, 25, 0.02, 0.118, 42,  , , ,  , , ,  , , ,  , , ,  , , ,  , , , 
6, 58, 13.784094543, 2, 0.184, 0.127, 41, 0.184, -0.127, -41,  , , ,  , , ,  , , ,  , , ,  , , ,  , , ,  , , ,  , , , 
6, 43, 12.5564120587, 2, 0.072, 0.149, 41, 0.072, -0.148, -41,  , , ,  , , ,  , , ,  , , ,  , , ,  , , ,  , , ,  , , , 
6, 63, 14.9058076825, 8, 0.247, 0.121, 17, 0.215, 0.13, 11, 0.226, -0.12, 29, 0.24, -0.018, -28, 0.247, -0.121, -17, 0.215, -0.13, -11, 0.226, 0.121, -29, 0.24, 0.018, 28,  , , ,  , , , 
6, 43, 12.5564120587, 2, 0.072, 0.149, 41, 0.072, -0.148, -41,  , , ,  , , ,  , , ,  , , ,  , , ,  , , ,  , , ,  , , , 
6, 45, 14.9617422924, 8, 0.247, 0.121, 17, 0.215, 0.13, 11, 0.226, -0.12, -3, 0.24, -0.018, -28, 0.247, -0.121, -17, 0.215, -0.13, -11, 0.226, 0.121, 3, 0.24, 0.018, 28,  , , ,  , , , 
6, 24, 13.0118679672, 4, 0.246, -0.136, -25, 0.02, -0.117, -42, 0.246, 0.136, 25, 0.02, 0.118, 42,  , , ,  , , ,  , , ,  , , ,  , , ,  , , , 
6, 72, 16.0114757062, 4, 0.072, 0.149, 41, 0.232, -0.131, 56, 0.072, -0.148, -41, 0.232, 0.131, -56,  , , ,  , , ,  , , ,  , , ,  , , ,  , , , 
6, 60, 13.1108126544, 4, 0.215, -0.149, -45, 0.02, -0.117, -42, 0.215, 0.149, 45, 0.02, 0.118, 42,  , , ,  , , ,  , , ,  , , ,  , , ,  , , , 
6, 30, 13.7606020175, 2, 0.184, 0.149, 41, 0.184, -0.148, -41,  , , ,  , , ,  , , ,  , , ,  , , ,  , , ,  , , ,  , , , 
6, 30, 13.7606020175, 2, 0.184, 0.149, 41, 0.184, -0.148, -41,  , , ,  , , ,  , , ,  , , ,  , , ,  , , ,  , , ,  , , , 
6, 30, 13.7606020175, 2, 0.184, 0.149, 41, 0.184, -0.148, -41,  , , ,  , , ,  , , ,  , , ,  , , ,  , , ,  , , ,  , , , 
6, 58, 13.784094543, 2, 0.184, 0.127, 41, 0.184, -0.127, -41,  , , ,  , , ,  , , ,  , , ,  , , ,  , , ,  , , ,  , , , 
6, 72, 16.0114757062, 4, 0.072, 0.149, 41, 0.232, -0.131, 56, 0.072, -0.148, -41, 0.232, 0.131, -56,  , , ,  , , ,  , , ,  , , ,  , , ,  , , , 
6, 24, 13.0118679672, 4, 0.246, -0.136, -25, 0.02, -0.117, -42, 0.246, 0.136, 25, 0.02, 0.118, 42,  , , ,  , , ,  , , ,  , , ,  , , ,  , , , 
6, 60, 13.1108126544, 4, 0.215, -0.149, -45, 0.02, -0.117, -42, 0.215, 0.149, 45, 0.02, 0.118, 42,  , , ,  , , ,  , , ,  , , ,  , , ,  , , , 
6, 58, 13.784094543, 2, 0.184, 0.127, 41, 0.184, -0.127, -41,  , , ,  , , ,  , , ,  , , ,  , , ,  , , ,  , , ,  , , , 
6, 24, 13.0118679672, 4, 0.246, -0.136, -25, 0.02, -0.117, -42, 0.246, 0.136, 25, 0.02, 0.118, 42,  , , ,  , , ,  , , ,  , , ,  , , ,  , , , 
6, 60, 13.1108126544, 4, 0.215, -0.149, -45, 0.02, -0.117, -42, 0.215, 0.149, 45, 0.02, 0.118, 42,  , , ,  , , ,  , , ,  , , ,  , , ,  , , , 
6, 30, 13.7606020175, 2, 0.184, 0.149, 41, 0.184, -0.148, -41,  , , ,  , , ,  , , ,  , , ,  , , ,  , , ,  , , ,  , , , 
6, 24, 13.0118679672, 4, 0.246, -0.136, -25, 0.02, -0.117, -42, 0.246, 0.136, 25, 0.02, 0.118, 42,  , , ,  , , ,  , , ,  , , ,  , , ,  , , , 
6, 58, 13.784094543, 2, 0.184, 0.127, 41, 0.184, -0.127, -41,  , , ,  , , ,  , , ,  , , ,  , , ,  , , ,  , , ,  , , , 
6, 58, 13.784094543, 2, 0.184, 0.127, 41, 0.184, -0.127, -41,  , , ,  , , ,  , , ,  , , ,  , , ,  , , ,  , , ,  , , , 
6, 60, 13.1108126544, 4, 0.215, -0.149, -45, 0.02, -0.117, -42, 0.215, 0.149, 45, 0.02, 0.118, 42,  , , ,  , , ,  , , ,  , , ,  , , ,  , , , 
6, 24, 13.0118679672, 4, 0.246, -0.136, -25, 0.02, -0.117, -42, 0.246, 0.136, 25, 0.02, 0.118, 42,  , , ,  , , ,  , , ,  , , ,  , , ,  , , , 
6, 63, 14.9058076825, 8, 0.247, 0.121, 17, 0.215, 0.13, 11, 0.226, -0.12, 29, 0.24, -0.018, -28, 0.247, -0.121, -17, 0.215, -0.13, -11, 0.226, 0.121, -29, 0.24, 0.018, 28,  , , ,  , , , 
6, 43, 12.5564120587, 2, 0.072, 0.149, 41, 0.072, -0.148, -41,  , , ,  , , ,  , , ,  , , ,  , , ,  , , ,  , , ,  , , , 
6, 69, 16.5287830498, 2, 0.184, 0.108, 41, 0.184, -0.107, -41,  , , ,  , , ,  , , ,  , , ,  , , ,  , , ,  , , ,  , , , 
7, 87, 13.0003078909, 4, 0.184, 0.149, 41, 0.02, -0.117, -42, 0.184, -0.148, -41, 0.02, 0.118, 42,  , , ,  , , ,  , , ,  , , ,  , , ,  , , , 
7, 24, 13.0118679672, 4, 0.246, -0.136, -25, 0.02, -0.117, -42, 0.246, 0.136, 25, 0.02, 0.118, 42,  , , ,  , , ,  , , ,  , , ,  , , ,  , , , 
7, 58, 13.784094543, 2, 0.184, 0.127, 41, 0.184, -0.127, -41,  , , ,  , , ,  , , ,  , , ,  , , ,  , , ,  , , ,  , , , 
7, 63, 14.9058076825, 8, 0.247, 0.121, 17, 0.215, 0.13, 11, 0.226, -0.12, 29, 0.24, -0.018, -28, 0.247, -0.121, -17, 0.215, -0.13, -11, 0.226, 0.121, -29, 0.24, 0.018, 28,  , , ,  , , , 
7, 58, 13.784094543, 2, 0.184, 0.127, 41, 0.184, -0.127, -41,  , , ,  , , ,  , , ,  , , ,  , , ,  , , ,  , , ,  , , , 
7, 24, 13.0118679672, 4, 0.246, -0.136, -25, 0.02, -0.117, -42, 0.246, 0.136, 25, 0.02, 0.118, 42,  , , ,  , , ,  , , ,  , , ,  , , ,  , , , 
7, 63, 14.9058076825, 8, 0.247, 0.121, 17, 0.215, 0.13, 11, 0.226, -0.12, 29, 0.24, -0.018, -28, 0.247, -0.121, -17, 0.215, -0.13, -11, 0.226, 0.121, -29, 0.24, 0.018, 28,  , , ,  , , , 
7, 24, 13.0118679672, 4, 0.246, -0.136, -25, 0.02, -0.117, -42, 0.246, 0.136, 25, 0.02, 0.118, 42,  , , ,  , , ,  , , ,  , , ,  , , ,  , , , 
7, 24, 13.0118679672, 4, 0.246, -0.136, -25, 0.02, -0.117, -42, 0.246, 0.136, 25, 0.02, 0.118, 42,  , , ,  , , ,  , , ,  , , ,  , , ,  , , , 
7, 58, 13.784094543, 2, 0.184, 0.127, 41, 0.184, -0.127, -41,  , , ,  , , ,  , , ,  , , ,  , , ,  , , ,  , , ,  , , , 
7, 58, 13.784094543, 2, 0.184, 0.127, 41, 0.184, -0.127, -41,  , , ,  , , ,  , , ,  , , ,  , , ,  , , ,  , , ,  , , , 
7, 24, 13.0118679672, 4, 0.246, -0.136, -25, 0.02, -0.117, -42, 0.246, 0.136, 25, 0.02, 0.118, 42,  , , ,  , , ,  , , ,  , , ,  , , ,  , , , 
7, 58, 13.784094543, 2, 0.184, 0.127, 41, 0.184, -0.127, -41,  , , ,  , , ,  , , ,  , , ,  , , ,  , , ,  , , ,  , , , 
7, 24, 13.0118679672, 4, 0.246, -0.136, -25, 0.02, -0.117, -42, 0.246, 0.136, 25, 0.02, 0.118, 42,  , , ,  , , ,  , , ,  , , ,  , , ,  , , , 
7, 24, 13.0118679672, 4, 0.246, -0.136, -25, 0.02, -0.117, -42, 0.246, 0.136, 25, 0.02, 0.118, 42,  , , ,  , , ,  , , ,  , , ,  , , ,  , , , 
7, 58, 13.784094543, 2, 0.184, 0.127, 41, 0.184, -0.127, -41,  , , ,  , , ,  , , ,  , , ,  , , ,  , , ,  , , ,  , , , 
7, 63, 14.9058076825, 8, 0.247, 0.121, 17, 0.215, 0.13, 11, 0.226, -0.12, 29, 0.24, -0.018, -28, 0.247, -0.121, -17, 0.215, -0.13, -11, 0.226, 0.121, -29, 0.24, 0.018, 28,  , , ,  , , , 
7, 58, 13.784094543, 2, 0.184, 0.127, 41, 0.184, -0.127, -41,  , , ,  , , ,  , , ,  , , ,  , , ,  , , ,  , , ,  , , , 
7, 30, 13.7606020175, 2, 0.184, 0.149, 41, 0.184, -0.148, -41,  , , ,  , , ,  , , ,  , , ,  , , ,  , , ,  , , ,  , , , 
7, 63, 14.9058076825, 8, 0.247, 0.121, 17, 0.215, 0.13, 11, 0.226, -0.12, 29, 0.24, -0.018, -28, 0.247, -0.121, -17, 0.215, -0.13, -11, 0.226, 0.121, -29, 0.24, 0.018, 28,  , , ,  , , , 
7, 58, 13.784094543, 2, 0.184, 0.127, 41, 0.184, -0.127, -41,  , , ,  , , ,  , , ,  , , ,  , , ,  , , ,  , , ,  , , , 
7, 69, 16.5287830498, 2, 0.184, 0.108, 41, 0.184, -0.107, -41,  , , ,  , , ,  , , ,  , , ,  , , ,  , , ,  , , ,  , , , 
7, 58, 13.784094543, 2, 0.184, 0.127, 41, 0.184, -0.127, -41,  , , ,  , , ,  , , ,  , , ,  , , ,  , , ,  , , ,  , , , 
7, 58, 13.784094543, 2, 0.184, 0.127, 41, 0.184, -0.127, -41,  , , ,  , , ,  , , ,  , , ,  , , ,  , , ,  , , ,  , , , 
7, 24, 13.0118679672, 4, 0.246, -0.136, -25, 0.02, -0.117, -42, 0.246, 0.136, 25, 0.02, 0.118, 42,  , , ,  , , ,  , , ,  , , ,  , , ,  , , , 
7, 30, 13.7606020175, 2, 0.184, 0.149, 41, 0.184, -0.148, -41,  , , ,  , , ,  , , ,  , , ,  , , ,  , , ,  , , ,  , , , 
7, 58, 13.784094543, 2, 0.184, 0.127, 41, 0.184, -0.127, -41,  , , ,  , , ,  , , ,  , , ,  , , ,  , , ,  , , ,  , , , 
7, 60, 13.1108126544, 4, 0.215, -0.149, -45, 0.02, -0.117, -42, 0.215, 0.149, 45, 0.02, 0.118, 42,  , , ,  , , ,  , , ,  , , ,  , , ,  , , , 
7, 24, 13.0118679672, 4, 0.246, -0.136, -25, 0.02, -0.117, -42, 0.246, 0.136, 25, 0.02, 0.118, 42,  , , ,  , , ,  , , ,  , , ,  , , ,  , , , 
7, 30, 13.7606020175, 2, 0.184, 0.149, 41, 0.184, -0.148, -41,  , , ,  , , ,  , , ,  , , ,  , , ,  , , ,  , , ,  , , , 
8, 88, 15.9152971463, 4, 0.184, 0.127, 41, 0.168, -0.141, 47, 0.184, -0.127, -41, 0.168, 0.142, -47,  , , ,  , , ,  , , ,  , , ,  , , ,  , , , 
8, 24, 13.0118679672, 4, 0.246, -0.136, -25, 0.02, -0.117, -42, 0.246, 0.136, 25, 0.02, 0.118, 42,  , , ,  , , ,  , , ,  , , ,  , , ,  , , , 
8, 24, 13.0118679672, 4, 0.246, -0.136, -25, 0.02, -0.117, -42, 0.246, 0.136, 25, 0.02, 0.118, 42,  , , ,  , , ,  , , ,  , , ,  , , ,  , , , 
8, 58, 13.784094543, 2, 0.184, 0.127, 41, 0.184, -0.127, -41,  , , ,  , , ,  , , ,  , , ,  , , ,  , , ,  , , ,  , , , 
8, 24, 13.0118679672, 4, 0.246, -0.136, -25, 0.02, -0.117, -42, 0.246, 0.136, 25, 0.02, 0.118, 42,  , , ,  , , ,  , , ,  , , ,  , , ,  , , , 
8, 58, 13.784094543, 2, 0.184, 0.127, 41, 0.184, -0.127, -41,  , , ,  , , ,  , , ,  , , ,  , , ,  , , ,  , , ,  , , , 
8, 24, 13.0118679672, 4, 0.246, -0.136, -25, 0.02, -0.117, -42, 0.246, 0.136, 25, 0.02, 0.118, 42,  , , ,  , , ,  , , ,  , , ,  , , ,  , , , 
8, 98, 12.8226883117, 4, 0.184, 0.127, 41, 0.02, -0.117, -42, 0.184, -0.127, -41, 0.02, 0.118, 42,  , , ,  , , ,  , , ,  , , ,  , , ,  , , , 
8, 30, 13.7606020175, 2, 0.184, 0.149, 41, 0.184, -0.148, -41,  , , ,  , , ,  , , ,  , , ,  , , ,  , , ,  , , ,  , , , 
8, 88, 15.9152971463, 4, 0.184, 0.127, 41, 0.168, -0.141, 47, 0.184, -0.127, -41, 0.168, 0.142, -47,  , , ,  , , ,  , , ,  , , ,  , , ,  , , , 
8, 58, 13.784094543, 2, 0.184, 0.127, 41, 0.184, -0.127, -41,  , , ,  , , ,  , , ,  , , ,  , , ,  , , ,  , , ,  , , , 
8, 58, 13.784094543, 2, 0.184, 0.127, 41, 0.184, -0.127, -41,  , , ,  , , ,  , , ,  , , ,  , , ,  , , ,  , , ,  , , , 
8, 30, 13.7606020175, 2, 0.184, 0.149, 41, 0.184, -0.148, -41,  , , ,  , , ,  , , ,  , , ,  , , ,  , , ,  , , ,  , , , 
8, 63, 14.9058076825, 8, 0.247, 0.121, 17, 0.215, 0.13, 11, 0.226, -0.12, 29, 0.24, -0.018, -28, 0.247, -0.121, -17, 0.215, -0.13, -11, 0.226, 0.121, -29, 0.24, 0.018, 28,  , , ,  , , , 
8, 58, 13.784094543, 2, 0.184, 0.127, 41, 0.184, -0.127, -41,  , , ,  , , ,  , , ,  , , ,  , , ,  , , ,  , , ,  , , , 
8, 63, 14.9058076825, 8, 0.247, 0.121, 17, 0.215, 0.13, 11, 0.226, -0.12, 29, 0.24, -0.018, -28, 0.247, -0.121, -17, 0.215, -0.13, -11, 0.226, 0.121, -29, 0.24, 0.018, 28,  , , ,  , , , 
8, 58, 13.784094543, 2, 0.184, 0.127, 41, 0.184, -0.127, -41,  , , ,  , , ,  , , ,  , , ,  , , ,  , , ,  , , ,  , , , 
8, 58, 13.784094543, 2, 0.184, 0.127, 41, 0.184, -0.127, -41,  , , ,  , , ,  , , ,  , , ,  , , ,  , , ,  , , ,  , , , 
8, 58, 13.784094543, 2, 0.184, 0.127, 41, 0.184, -0.127, -41,  , , ,  , , ,  , , ,  , , ,  , , ,  , , ,  , , ,  , , , 
8, 99, 13.7756217594, 2, 0.184, 0.149, 41, 0.184, -0.148, -41,  , , ,  , , ,  , , ,  , , ,  , , ,  , , ,  , , ,  , , , 
8, 104, 13.7748467545, 2, 0.184, 0.127, 41, 0.184, -0.127, -41,  , , ,  , , ,  , , ,  , , ,  , , ,  , , ,  , , ,  , , , 
8, 63, 14.9058076825, 8, 0.247, 0.121, 17, 0.215, 0.13, 11, 0.226, -0.12, 29, 0.24, -0.018, -28, 0.247, -0.121, -17, 0.215, -0.13, -11, 0.226, 0.121, -29, 0.24, 0.018, 28,  , , ,  , , , 
8, 99, 13.7756217594, 2, 0.184, 0.149, 41, 0.184, -0.148, -41,  , , ,  , , ,  , , ,  , , ,  , , ,  , , ,  , , ,  , , , 
8, 69, 16.5287830498, 2, 0.184, 0.108, 41, 0.184, -0.107, -41,  , , ,  , , ,  , , ,  , , ,  , , ,  , , ,  , , ,  , , , 
8, 58, 13.784094543, 2, 0.184, 0.127, 41, 0.184, -0.127, -41,  , , ,  , , ,  , , ,  , , ,  , , ,  , , ,  , , ,  , , , 
8, 58, 13.784094543, 2, 0.184, 0.127, 41, 0.184, -0.127, -41,  , , ,  , , ,  , , ,  , , ,  , , ,  , , ,  , , ,  , , , 
8, 93, 13.1609375368, 4, 0.184, 0.127, 41, 0.02, -0.117, -42, 0.184, -0.127, -41, 0.02, 0.118, 42,  , , ,  , , ,  , , ,  , , ,  , , ,  , , , 
8, 24, 13.0118679672, 4, 0.246, -0.136, -25, 0.02, -0.117, -42, 0.246, 0.136, 25, 0.02, 0.118, 42,  , , ,  , , ,  , , ,  , , ,  , , ,  , , , 
8, 99, 13.7756217594, 2, 0.184, 0.149, 41, 0.184, -0.148, -41,  , , ,  , , ,  , , ,  , , ,  , , ,  , , ,  , , ,  , , , 
8, 58, 13.784094543, 2, 0.184, 0.127, 41, 0.184, -0.127, -41,  , , ,  , , ,  , , ,  , , ,  , , ,  , , ,  , , ,  , , , 
9, 109, 16.7940654066, 2, 0.184, 0.127, 41, 0.184, -0.127, -41,  , , ,  , , ,  , , ,  , , ,  , , ,  , , ,  , , ,  , , , 
9, 58, 13.784094543, 2, 0.184, 0.127, 41, 0.184, -0.127, -41,  , , ,  , , ,  , , ,  , , ,  , , ,  , , ,  , , ,  , , , 
9, 115, 16.7729355233, 2, 0.184, 0.127, 41, 0.184, -0.127, -41,  , , ,  , , ,  , , ,  , , ,  , , ,  , , ,  , , ,  , , , 
9, 58, 13.784094543, 2, 0.184, 0.127, 41, 0.184, -0.127, -41,  , , ,  , , ,  , , ,  , , ,  , , ,  , , ,  , , ,  , , , 
9, 114, 16.1524010071, 4, 0.184, 0.127, 41, 0.168, -0.141, 47, 0.184, -0.127, -41, 0.168, 0.142, -47,  , , ,  , , ,  , , ,  , , ,  , , ,  , , , 
9, 114, 16.1524010071, 4, 0.184, 0.127, 41, 0.168, -0.141, 47, 0.184, -0.127, -41, 0.168, 0.142, -47,  , , ,  , , ,  , , ,  , , ,  , , ,  , , , 
9, 99, 13.7756217594, 2, 0.184, 0.149, 41, 0.184, -0.148, -41,  , , ,  , , ,  , , ,  , , ,  , , ,  , , ,  , , ,  , , , 
9, 104, 13.7748467545, 2, 0.184, 0.127, 41, 0.184, -0.127, -41,  , , ,  , , ,  , , ,  , , ,  , , ,  , , ,  , , ,  , , , 
9, 58, 13.784094543, 2, 0.184, 0.127, 41, 0.184, -0.127, -41,  , , ,  , , ,  , , ,  , , ,  , , ,  , , ,  , , ,  , , , 
9, 58, 13.784094543, 2, 0.184, 0.127, 41, 0.184, -0.127, -41,  , , ,  , , ,  , , ,  , , ,  , , ,  , , ,  , , ,  , , , 
9, 63, 14.9058076825, 8, 0.247, 0.121, 17, 0.215, 0.13, 11, 0.226, -0.12, 29, 0.24, -0.018, -28, 0.247, -0.121, -17, 0.215, -0.13, -11, 0.226, 0.121, -29, 0.24, 0.018, 28,  , , ,  , , , 
9, 24, 13.0118679672, 4, 0.246, -0.136, -25, 0.02, -0.117, -42, 0.246, 0.136, 25, 0.02, 0.118, 42,  , , ,  , , ,  , , ,  , , ,  , , ,  , , , 
9, 98, 12.8226883117, 4, 0.184, 0.127, 41, 0.02, -0.117, -42, 0.184, -0.127, -41, 0.02, 0.118, 42,  , , ,  , , ,  , , ,  , , ,  , , ,  , , , 
9, 58, 13.784094543, 2, 0.184, 0.127, 41, 0.184, -0.127, -41,  , , ,  , , ,  , , ,  , , ,  , , ,  , , ,  , , ,  , , , 
9, 88, 15.9152971463, 4, 0.184, 0.127, 41, 0.168, -0.141, 47, 0.184, -0.127, -41, 0.168, 0.142, -47,  , , ,  , , ,  , , ,  , , ,  , , ,  , , , 
9, 30, 13.7606020175, 2, 0.184, 0.149, 41, 0.184, -0.148, -41,  , , ,  , , ,  , , ,  , , ,  , , ,  , , ,  , , ,  , , , 
9, 115, 16.7729355233, 2, 0.184, 0.127, 41, 0.184, -0.127, -41,  , , ,  , , ,  , , ,  , , ,  , , ,  , , ,  , , ,  , , , 
9, 88, 15.9152971463, 4, 0.184, 0.127, 41, 0.168, -0.141, 47, 0.184, -0.127, -41, 0.168, 0.142, -47,  , , ,  , , ,  , , ,  , , ,  , , ,  , , , 
9, 99, 13.7756217594, 2, 0.184, 0.149, 41, 0.184, -0.148, -41,  , , ,  , , ,  , , ,  , , ,  , , ,  , , ,  , , ,  , , , 
9, 99, 13.7756217594, 2, 0.184, 0.149, 41, 0.184, -0.148, -41,  , , ,  , , ,  , , ,  , , ,  , , ,  , , ,  , , ,  , , , 
9, 58, 13.784094543, 2, 0.184, 0.127, 41, 0.184, -0.127, -41,  , , ,  , , ,  , , ,  , , ,  , , ,  , , ,  , , ,  , , , 
9, 99, 13.7756217594, 2, 0.184, 0.149, 41, 0.184, -0.148, -41,  , , ,  , , ,  , , ,  , , ,  , , ,  , , ,  , , ,  , , , 
9, 104, 13.7748467545, 2, 0.184, 0.127, 41, 0.184, -0.127, -41,  , , ,  , , ,  , , ,  , , ,  , , ,  , , ,  , , ,  , , , 
9, 69, 16.5287830498, 2, 0.184, 0.108, 41, 0.184, -0.107, -41,  , , ,  , , ,  , , ,  , , ,  , , ,  , , ,  , , ,  , , , 
9, 63, 14.9058076825, 8, 0.247, 0.121, 17, 0.215, 0.13, 11, 0.226, -0.12, 29, 0.24, -0.018, -28, 0.247, -0.121, -17, 0.215, -0.13, -11, 0.226, 0.121, -29, 0.24, 0.018, 28,  , , ,  , , , 
9, 88, 15.9152971463, 4, 0.184, 0.127, 41, 0.168, -0.141, 47, 0.184, -0.127, -41, 0.168, 0.142, -47,  , , ,  , , ,  , , ,  , , ,  , , ,  , , , 
9, 58, 13.784094543, 2, 0.184, 0.127, 41, 0.184, -0.127, -41,  , , ,  , , ,  , , ,  , , ,  , , ,  , , ,  , , ,  , , , 
9, 99, 13.7756217594, 2, 0.184, 0.149, 41, 0.184, -0.148, -41,  , , ,  , , ,  , , ,  , , ,  , , ,  , , ,  , , ,  , , , 
9, 58, 13.784094543, 2, 0.184, 0.127, 41, 0.184, -0.127, -41,  , , ,  , , ,  , , ,  , , ,  , , ,  , , ,  , , ,  , , , 
9, 115, 16.7729355233, 2, 0.184, 0.127, 41, 0.184, -0.127, -41,  , , ,  , , ,  , , ,  , , ,  , , ,  , , ,  , , ,  , , , 
10, 118, 16.7219277409, 2, 0.178, 0.149, 41, 0.178, -0.148, -41,  , , ,  , , ,  , , ,  , , ,  , , ,  , , ,  , , ,  , , , 
10, 58, 13.784094543, 2, 0.184, 0.127, 41, 0.184, -0.127, -41,  , , ,  , , ,  , , ,  , , ,  , , ,  , , ,  , , ,  , , , 
10, 138, 16.6807008687, 2, 0.184, 0.127, 41, 0.184, -0.127, -41,  , , ,  , , ,  , , ,  , , ,  , , ,  , , ,  , , ,  , , , 
10, 63, 14.9058076825, 8, 0.247, 0.121, 17, 0.215, 0.13, 11, 0.226, -0.12, 29, 0.24, -0.018, -28, 0.247, -0.121, -17, 0.215, -0.13, -11, 0.226, 0.121, -29, 0.24, 0.018, 28,  , , ,  , , , 
10, 137, 16.6210023671, 2, 0.184, 0.127, 41, 0.184, -0.127, -41,  , , ,  , , ,  , , ,  , , ,  , , ,  , , ,  , , ,  , , , 
10, 58, 13.784094543, 2, 0.184, 0.127, 41, 0.184, -0.127, -41,  , , ,  , , ,  , , ,  , , ,  , , ,  , , ,  , , ,  , , , 
10, 127, 13.4620420039, 2, 0.184, 0.127, 41, 0.184, -0.127, -41,  , , ,  , , ,  , , ,  , , ,  , , ,  , , ,  , , ,  , , , 
10, 121, 16.685476602, 2, 0.184, 0.127, 41, 0.184, -0.127, -41,  , , ,  , , ,  , , ,  , , ,  , , ,  , , ,  , , ,  , , , 
10, 99, 13.7756217594, 2, 0.184, 0.149, 41, 0.184, -0.148, -41,  , , ,  , , ,  , , ,  , , ,  , , ,  , , ,  , , ,  , , , 
10, 58, 13.784094543, 2, 0.184, 0.127, 41, 0.184, -0.127, -41,  , , ,  , , ,  , , ,  , , ,  , , ,  , , ,  , , ,  , , , 
10, 118, 16.7219277409, 2, 0.178, 0.149, 41, 0.178, -0.148, -41,  , , ,  , , ,  , , ,  , , ,  , , ,  , , ,  , , ,  , , , 
10, 137, 16.6210023671, 2, 0.184, 0.127, 41, 0.184, -0.127, -41,  , , ,  , , ,  , , ,  , , ,  , , ,  , , ,  , , ,  , , , 
10, 58, 13.784094543, 2, 0.184, 0.127, 41, 0.184, -0.127, -41,  , , ,  , , ,  , , ,  , , ,  , , ,  , , ,  , , ,  , , , 
10, 88, 15.9152971463, 4, 0.184, 0.127, 41, 0.168, -0.141, 47, 0.184, -0.127, -41, 0.168, 0.142, -47,  , , ,  , , ,  , , ,  , , ,  , , ,  , , , 
10, 115, 16.7729355233, 2, 0.184, 0.127, 41, 0.184, -0.127, -41,  , , ,  , , ,  , , ,  , , ,  , , ,  , , ,  , , ,  , , , 
10, 122, 16.677936497, 2, 0.184, 0.127, 41, 0.184, -0.127, -41,  , , ,  , , ,  , , ,  , , ,  , , ,  , , ,  , , ,  , , , 
10, 109, 16.7940654066, 2, 0.184, 0.127, 41, 0.184, -0.127, -41,  , , ,  , , ,  , , ,  , , ,  , , ,  , , ,  , , ,  , , , 
10, 99, 13.7756217594, 2, 0.184, 0.149, 41, 0.184, -0.148, -41,  , , ,  , , ,  , , ,  , , ,  , , ,  , , ,  , , ,  , , , 
10, 104, 13.7748467545, 2, 0.184, 0.127, 41, 0.184, -0.127, -41,  , , ,  , , ,  , , ,  , , ,  , , ,  , , ,  , , ,  , , , 
10, 115, 16.7729355233, 2, 0.184, 0.127, 41, 0.184, -0.127, -41,  , , ,  , , ,  , , ,  , , ,  , , ,  , , ,  , , ,  , , , 
10, 99, 13.7756217594, 2, 0.184, 0.149, 41, 0.184, -0.148, -41,  , , ,  , , ,  , , ,  , , ,  , , ,  , , ,  , , ,  , , , 
10, 58, 13.784094543, 2, 0.184, 0.127, 41, 0.184, -0.127, -41,  , , ,  , , ,  , , ,  , , ,  , , ,  , , ,  , , ,  , , , 
10, 58, 13.784094543, 2, 0.184, 0.127, 41, 0.184, -0.127, -41,  , , ,  , , ,  , , ,  , , ,  , , ,  , , ,  , , ,  , , , 
10, 116, 13.7905564083, 2, 0.184, 0.106, 41, 0.184, -0.105, -41,  , , ,  , , ,  , , ,  , , ,  , , ,  , , ,  , , ,  , , , 
10, 88, 15.9152971463, 4, 0.184, 0.127, 41, 0.168, -0.141, 47, 0.184, -0.127, -41, 0.168, 0.142, -47,  , , ,  , , ,  , , ,  , , ,  , , ,  , , , 
10, 99, 13.7756217594, 2, 0.184, 0.149, 41, 0.184, -0.148, -41,  , , ,  , , ,  , , ,  , , ,  , , ,  , , ,  , , ,  , , , 
10, 63, 14.9058076825, 8, 0.247, 0.121, 17, 0.215, 0.13, 11, 0.226, -0.12, 29, 0.24, -0.018, -28, 0.247, -0.121, -17, 0.215, -0.13, -11, 0.226, 0.121, -29, 0.24, 0.018, 28,  , , ,  , , , 
10, 104, 13.7748467545, 2, 0.184, 0.127, 41, 0.184, -0.127, -41,  , , ,  , , ,  , , ,  , , ,  , , ,  , , ,  , , ,  , , , 
10, 58, 13.784094543, 2, 0.184, 0.127, 41, 0.184, -0.127, -41,  , , ,  , , ,  , , ,  , , ,  , , ,  , , ,  , , ,  , , , 
10, 115, 16.7729355233, 2, 0.184, 0.127, 41, 0.184, -0.127, -41,  , , ,  , , ,  , , ,  , , ,  , , ,  , , ,  , , ,  , , , 
11, 142, 16.864880389, 2, 0.184, 0.127, 41, 0.184, -0.127, -41,  , , ,  , , ,  , , ,  , , ,  , , ,  , , ,  , , ,  , , , 
11, 127, 13.4620420039, 2, 0.184, 0.127, 41, 0.184, -0.127, -41,  , , ,  , , ,  , , ,  , , ,  , , ,  , , ,  , , ,  , , , 
11, 118, 16.7219277409, 2, 0.178, 0.149, 41, 0.178, -0.148, -41,  , , ,  , , ,  , , ,  , , ,  , , ,  , , ,  , , ,  , , , 
11, 99, 13.7756217594, 2, 0.184, 0.149, 41, 0.184, -0.148, -41,  , , ,  , , ,  , , ,  , , ,  , , ,  , , ,  , , ,  , , , 
11, 138, 16.6807008687, 2, 0.184, 0.127, 41, 0.184, -0.127, -41,  , , ,  , , ,  , , ,  , , ,  , , ,  , , ,  , , ,  , , , 
11, 104, 13.7748467545, 2, 0.184, 0.127, 41, 0.184, -0.127, -41,  , , ,  , , ,  , , ,  , , ,  , , ,  , , ,  , , ,  , , , 
11, 137, 16.6210023671, 2, 0.184, 0.127, 41, 0.184, -0.127, -41,  , , ,  , , ,  , , ,  , , ,  , , ,  , , ,  , , ,  , , , 
11, 58, 13.784094543, 2, 0.184, 0.127, 41, 0.184, -0.127, -41,  , , ,  , , ,  , , ,  , , ,  , , ,  , , ,  , , ,  , , , 
11, 58, 13.784094543, 2, 0.184, 0.127, 41, 0.184, -0.127, -41,  , , ,  , , ,  , , ,  , , ,  , , ,  , , ,  , , ,  , , , 
11, 142, 16.864880389, 2, 0.184, 0.127, 41, 0.184, -0.127, -41,  , , ,  , , ,  , , ,  , , ,  , , ,  , , ,  , , ,  , , , 
11, 137, 16.6210023671, 2, 0.184, 0.127, 41, 0.184, -0.127, -41,  , , ,  , , ,  , , ,  , , ,  , , ,  , , ,  , , ,  , , , 
11, 109, 16.7940654066, 2, 0.184, 0.127, 41, 0.184, -0.127, -41,  , , ,  , , ,  , , ,  , , ,  , , ,  , , ,  , , ,  , , , 
11, 99, 13.7756217594, 2, 0.184, 0.149, 41, 0.184, -0.148, -41,  , , ,  , , ,  , , ,  , , ,  , , ,  , , ,  , , ,  , , , 
11, 58, 13.784094543, 2, 0.184, 0.127, 41, 0.184, -0.127, -41,  , , ,  , , ,  , , ,  , , ,  , , ,  , , ,  , , ,  , , , 
11, 115, 16.7729355233, 2, 0.184, 0.127, 41, 0.184, -0.127, -41,  , , ,  , , ,  , , ,  , , ,  , , ,  , , ,  , , ,  , , , 
11, 118, 16.7219277409, 2, 0.178, 0.149, 41, 0.178, -0.148, -41,  , , ,  , , ,  , , ,  , , ,  , , ,  , , ,  , , ,  , , , 
11, 118, 16.7219277409, 2, 0.178, 0.149, 41, 0.178, -0.148, -41,  , , ,  , , ,  , , ,  , , ,  , , ,  , , ,  , , ,  , , , 
11, 115, 16.7729355233, 2, 0.184, 0.127, 41, 0.184, -0.127, -41,  , , ,  , , ,  , , ,  , , ,  , , ,  , , ,  , , ,  , , , 
11, 88, 15.9152971463, 4, 0.184, 0.127, 41, 0.168, -0.141, 47, 0.184, -0.127, -41, 0.168, 0.142, -47,  , , ,  , , ,  , , ,  , , ,  , , ,  , , , 
11, 109, 16.7940654066, 2, 0.184, 0.127, 41, 0.184, -0.127, -41,  , , ,  , , ,  , , ,  , , ,  , , ,  , , ,  , , ,  , , , 
11, 109, 16.7940654066, 2, 0.184, 0.127, 41, 0.184, -0.127, -41,  , , ,  , , ,  , , ,  , , ,  , , ,  , , ,  , , ,  , , , 
11, 58, 13.784094543, 2, 0.184, 0.127, 41, 0.184, -0.127, -41,  , , ,  , , ,  , , ,  , , ,  , , ,  , , ,  , , ,  , , , 
11, 63, 14.9058076825, 8, 0.247, 0.121, 17, 0.215, 0.13, 11, 0.226, -0.12, 29, 0.24, -0.018, -28, 0.247, -0.121, -17, 0.215, -0.13, -11, 0.226, 0.121, -29, 0.24, 0.018, 28,  , , ,  , , , 
11, 109, 16.7940654066, 2, 0.184, 0.127, 41, 0.184, -0.127, -41,  , , ,  , , ,  , , ,  , , ,  , , ,  , , ,  , , ,  , , , 
11, 109, 16.7940654066, 2, 0.184, 0.127, 41, 0.184, -0.127, -41,  , , ,  , , ,  , , ,  , , ,  , , ,  , , ,  , , ,  , , , 
11, 58, 13.784094543, 2, 0.184, 0.127, 41, 0.184, -0.127, -41,  , , ,  , , ,  , , ,  , , ,  , , ,  , , ,  , , ,  , , , 
11, 121, 16.685476602, 2, 0.184, 0.127, 41, 0.184, -0.127, -41,  , , ,  , , ,  , , ,  , , ,  , , ,  , , ,  , , ,  , , , 
11, 109, 16.7940654066, 2, 0.184, 0.127, 41, 0.184, -0.127, -41,  , , ,  , , ,  , , ,  , , ,  , , ,  , , ,  , , ,  , , , 
11, 142, 16.864880389, 2, 0.184, 0.127, 41, 0.184, -0.127, -41,  , , ,  , , ,  , , ,  , , ,  , , ,  , , ,  , , ,  , , , 
11, 58, 13.784094543, 2, 0.184, 0.127, 41, 0.184, -0.127, -41,  , , ,  , , ,  , , ,  , , ,  , , ,  , , ,  , , ,  , , , 
12, 154, 16.6859024339, 2, 0.184, 0.149, 41, 0.184, -0.148, -41,  , , ,  , , ,  , , ,  , , ,  , , ,  , , ,  , , ,  , , , 
12, 121, 16.685476602, 2, 0.184, 0.127, 41, 0.184, -0.127, -41,  , , ,  , , ,  , , ,  , , ,  , , ,  , , ,  , , ,  , , , 
12, 118, 16.7219277409, 2, 0.178, 0.149, 41, 0.178, -0.148, -41,  , , ,  , , ,  , , ,  , , ,  , , ,  , , ,  , , ,  , , , 
12, 109, 16.7940654066, 2, 0.184, 0.127, 41, 0.184, -0.127, -41,  , , ,  , , ,  , , ,  , , ,  , , ,  , , ,  , , ,  , , , 
12, 147, 16.6082735718, 2, 0.184, 0.149, 41, 0.184, -0.148, -41,  , , ,  , , ,  , , ,  , , ,  , , ,  , , ,  , , ,  , , , 
12, 118, 16.7219277409, 2, 0.178, 0.149, 41, 0.178, -0.148, -41,  , , ,  , , ,  , , ,  , , ,  , , ,  , , ,  , , ,  , , , 
12, 109, 16.7940654066, 2, 0.184, 0.127, 41, 0.184, -0.127, -41,  , , ,  , , ,  , , ,  , , ,  , , ,  , , ,  , , ,  , , , 
12, 142, 16.864880389, 2, 0.184, 0.127, 41, 0.184, -0.127, -41,  , , ,  , , ,  , , ,  , , ,  , , ,  , , ,  , , ,  , , , 
12, 115, 16.7729355233, 2, 0.184, 0.127, 41, 0.184, -0.127, -41,  , , ,  , , ,  , , ,  , , ,  , , ,  , , ,  , , ,  , , , 
12, 118, 16.7219277409, 2, 0.178, 0.149, 41, 0.178, -0.148, -41,  , , ,  , , ,  , , ,  , , ,  , , ,  , , ,  , , ,  , , , 
12, 137, 16.6210023671, 2, 0.184, 0.127, 41, 0.184, -0.127, -41,  , , ,  , , ,  , , ,  , , ,  , , ,  , , ,  , , ,  , , , 
12, 155, 16.6289975547, 2, 0.184, 0.127, 41, 0.184, -0.127, -41,  , , ,  , , ,  , , ,  , , ,  , , ,  , , ,  , , ,  , , , 
12, 104, 13.7748467545, 2, 0.184, 0.127, 41, 0.184, -0.127, -41,  , , ,  , , ,  , , ,  , , ,  , , ,  , , ,  , , ,  , , , 
12, 115, 16.7729355233, 2, 0.184, 0.127, 41, 0.184, -0.127, -41,  , , ,  , , ,  , , ,  , , ,  , , ,  , , ,  , , ,  , , , 
12, 142, 16.864880389, 2, 0.184, 0.127, 41, 0.184, -0.127, -41,  , , ,  , , ,  , , ,  , , ,  , , ,  , , ,  , , ,  , , , 
12, 154, 16.6859024339, 2, 0.184, 0.149, 41, 0.184, -0.148, -41,  , , ,  , , ,  , , ,  , , ,  , , ,  , , ,  , , ,  , , , 
12, 137, 16.6210023671, 2, 0.184, 0.127, 41, 0.184, -0.127, -41,  , , ,  , , ,  , , ,  , , ,  , , ,  , , ,  , , ,  , , , 
12, 154, 16.6859024339, 2, 0.184, 0.149, 41, 0.184, -0.148, -41,  , , ,  , , ,  , , ,  , , ,  , , ,  , , ,  , , ,  , , , 
12, 154, 16.6859024339, 2, 0.184, 0.149, 41, 0.184, -0.148, -41,  , , ,  , , ,  , , ,  , , ,  , , ,  , , ,  , , ,  , , , 
12, 109, 16.7940654066, 2, 0.184, 0.127, 41, 0.184, -0.127, -41,  , , ,  , , ,  , , ,  , , ,  , , ,  , , ,  , , ,  , , , 
12, 58, 13.784094543, 2, 0.184, 0.127, 41, 0.184, -0.127, -41,  , , ,  , , ,  , , ,  , , ,  , , ,  , , ,  , , ,  , , , 
12, 142, 16.864880389, 2, 0.184, 0.127, 41, 0.184, -0.127, -41,  , , ,  , , ,  , , ,  , , ,  , , ,  , , ,  , , ,  , , , 
12, 99, 13.7756217594, 2, 0.184, 0.149, 41, 0.184, -0.148, -41,  , , ,  , , ,  , , ,  , , ,  , , ,  , , ,  , , ,  , , , 
12, 115, 16.7729355233, 2, 0.184, 0.127, 41, 0.184, -0.127, -41,  , , ,  , , ,  , , ,  , , ,  , , ,  , , ,  , , ,  , , , 
12, 142, 16.864880389, 2, 0.184, 0.127, 41, 0.184, -0.127, -41,  , , ,  , , ,  , , ,  , , ,  , , ,  , , ,  , , ,  , , , 
12, 109, 16.7940654066, 2, 0.184, 0.127, 41, 0.184, -0.127, -41,  , , ,  , , ,  , , ,  , , ,  , , ,  , , ,  , , ,  , , , 
12, 58, 13.784094543, 2, 0.184, 0.127, 41, 0.184, -0.127, -41,  , , ,  , , ,  , , ,  , , ,  , , ,  , , ,  , , ,  , , , 
12, 63, 14.9058076825, 8, 0.247, 0.121, 17, 0.215, 0.13, 11, 0.226, -0.12, 29, 0.24, -0.018, -28, 0.247, -0.121, -17, 0.215, -0.13, -11, 0.226, 0.121, -29, 0.24, 0.018, 28,  , , ,  , , , 
12, 115, 16.7729355233, 2, 0.184, 0.127, 41, 0.184, -0.127, -41,  , , ,  , , ,  , , ,  , , ,  , , ,  , , ,  , , ,  , , , 
12, 151, 16.6753060155, 2, 0.184, 0.127, 41, 0.184, -0.127, -41,  , , ,  , , ,  , , ,  , , ,  , , ,  , , ,  , , ,  , , , 
13, 164, 16.9255500818, 2, 0.184, 0.127, 41, 0.184, -0.127, -41,  , , ,  , , ,  , , ,  , , ,  , , ,  , , ,  , , ,  , , , 
13, 109, 16.7940654066, 2, 0.184, 0.127, 41, 0.184, -0.127, -41,  , , ,  , , ,  , , ,  , , ,  , , ,  , , ,  , , ,  , , , 
13, 115, 16.7729355233, 2, 0.184, 0.127, 41, 0.184, -0.127, -41,  , , ,  , , ,  , , ,  , , ,  , , ,  , , ,  , , ,  , , , 
13, 142, 16.864880389, 2, 0.184, 0.127, 41, 0.184, -0.127, -41,  , , ,  , , ,  , , ,  , , ,  , , ,  , , ,  , , ,  , , , 
13, 115, 16.7729355233, 2, 0.184, 0.127, 41, 0.184, -0.127, -41,  , , ,  , , ,  , , ,  , , ,  , , ,  , , ,  , , ,  , , , 
13, 161, 15.6291952412, 6, 0.215, 0.13, 11, 0.226, -0.12, 29, 0.24, -0.018, -28, 0.215, -0.13, -11, 0.226, 0.121, -29, 0.24, 0.018, 28,  , , ,  , , ,  , , ,  , , , 
13, 109, 16.7940654066, 2, 0.184, 0.127, 41, 0.184, -0.127, -41,  , , ,  , , ,  , , ,  , , ,  , , ,  , , ,  , , ,  , , , 
13, 115, 16.7729355233, 2, 0.184, 0.127, 41, 0.184, -0.127, -41,  , , ,  , , ,  , , ,  , , ,  , , ,  , , ,  , , ,  , , , 
13, 151, 16.6753060155, 2, 0.184, 0.127, 41, 0.184, -0.127, -41,  , , ,  , , ,  , , ,  , , ,  , , ,  , , ,  , , ,  , , , 
13, 142, 16.864880389, 2, 0.184, 0.127, 41, 0.184, -0.127, -41,  , , ,  , , ,  , , ,  , , ,  , , ,  , , ,  , , ,  , , , 
13, 109, 16.7940654066, 2, 0.184, 0.127, 41, 0.184, -0.127, -41,  , , ,  , , ,  , , ,  , , ,  , , ,  , , ,  , , ,  , , , 
13, 164, 16.9255500818, 2, 0.184, 0.127, 41, 0.184, -0.127, -41,  , , ,  , , ,  , , ,  , , ,  , , ,  , , ,  , , ,  , , , 
13, 165, 16.6689153986, 2, 0.184, 0.127, 41, 0.184, -0.127, -41,  , , ,  , , ,  , , ,  , , ,  , , ,  , , ,  , , ,  , , , 
13, 109, 16.7940654066, 2, 0.184, 0.127, 41, 0.184, -0.127, -41,  , , ,  , , ,  , , ,  , , ,  , , ,  , , ,  , , ,  , , , 
13, 142, 16.864880389, 2, 0.184, 0.127, 41, 0.184, -0.127, -41,  , , ,  , , ,  , , ,  , , ,  , , ,  , , ,  , , ,  , , , 
13, 172, 16.7412078303, 2, 0.178, 0.149, 41, 0.178, -0.148, -41,  , , ,  , , ,  , , ,  , , ,  , , ,  , , ,  , , ,  , , , 
13, 58, 13.784094543, 2, 0.184, 0.127, 41, 0.184, -0.127, -41,  , , ,  , , ,  , , ,  , , ,  , , ,  , , ,  , , ,  , , , 
13, 109, 16.7940654066, 2, 0.184, 0.127, 41, 0.184, -0.127, -41,  , , ,  , , ,  , , ,  , , ,  , , ,  , , ,  , , ,  , , , 
13, 118, 16.7219277409, 2, 0.178, 0.149, 41, 0.178, -0.148, -41,  , , ,  , , ,  , , ,  , , ,  , , ,  , , ,  , , ,  , , , 
13, 109, 16.7940654066, 2, 0.184, 0.127, 41, 0.184, -0.127, -41,  , , ,  , , ,  , , ,  , , ,  , , ,  , , ,  , , ,  , , , 
13, 109, 16.7940654066, 2, 0.184, 0.127, 41, 0.184, -0.127, -41,  , , ,  , , ,  , , ,  , , ,  , , ,  , , ,  , , ,  , , , 
13, 142, 16.864880389, 2, 0.184, 0.127, 41, 0.184, -0.127, -41,  , , ,  , , ,  , , ,  , , ,  , , ,  , , ,  , , ,  , , , 
13, 104, 13.7748467545, 2, 0.184, 0.127, 41, 0.184, -0.127, -41,  , , ,  , , ,  , , ,  , , ,  , , ,  , , ,  , , ,  , , , 
13, 58, 13.784094543, 2, 0.184, 0.127, 41, 0.184, -0.127, -41,  , , ,  , , ,  , , ,  , , ,  , , ,  , , ,  , , ,  , , , 
13, 118, 16.7219277409, 2, 0.178, 0.149, 41, 0.178, -0.148, -41,  , , ,  , , ,  , , ,  , , ,  , , ,  , , ,  , , ,  , , , 
13, 115, 16.7729355233, 2, 0.184, 0.127, 41, 0.184, -0.127, -41,  , , ,  , , ,  , , ,  , , ,  , , ,  , , ,  , , ,  , , , 
13, 169, 16.6480022926, 2, 0.184, 0.127, 41, 0.184, -0.127, -41,  , , ,  , , ,  , , ,  , , ,  , , ,  , , ,  , , ,  , , , 
13, 142, 16.864880389, 2, 0.184, 0.127, 41, 0.184, -0.127, -41,  , , ,  , , ,  , , ,  , , ,  , , ,  , , ,  , , ,  , , , 
13, 142, 16.864880389, 2, 0.184, 0.127, 41, 0.184, -0.127, -41,  , , ,  , , ,  , , ,  , , ,  , , ,  , , ,  , , ,  , , , 
13, 115, 16.7729355233, 2, 0.184, 0.127, 41, 0.184, -0.127, -41,  , , ,  , , ,  , , ,  , , ,  , , ,  , , ,  , , ,  , , , 
14, 180, 13.8251867313, 2, 0.184, 0.127, 41, 0.184, -0.127, -41,  , , ,  , , ,  , , ,  , , ,  , , ,  , , ,  , , ,  , , , 
14, 164, 16.9255500818, 2, 0.184, 0.127, 41, 0.184, -0.127, -41,  , , ,  , , ,  , , ,  , , ,  , , ,  , , ,  , , ,  , , , 
14, 109, 16.7940654066, 2, 0.184, 0.127, 41, 0.184, -0.127, -41,  , , ,  , , ,  , , ,  , , ,  , , ,  , , ,  , , ,  , , , 
14, 109, 16.7940654066, 2, 0.184, 0.127, 41, 0.184, -0.127, -41,  , , ,  , , ,  , , ,  , , ,  , , ,  , , ,  , , ,  , , , 
14, 161, 15.6291952412, 6, 0.215, 0.13, 11, 0.226, -0.12, 29, 0.24, -0.018, -28, 0.215, -0.13, -11, 0.226, 0.121, -29, 0.24, 0.018, 28,  , , ,  , , ,  , , ,  , , , 
14, 109, 16.7940654066, 2, 0.184, 0.127, 41, 0.184, -0.127, -41,  , , ,  , , ,  , , ,  , , ,  , , ,  , , ,  , , ,  , , , 
14, 142, 16.864880389, 2, 0.184, 0.127, 41, 0.184, -0.127, -41,  , , ,  , , ,  , , ,  , , ,  , , ,  , , ,  , , ,  , , , 
14, 109, 16.7940654066, 2, 0.184, 0.127, 41, 0.184, -0.127, -41,  , , ,  , , ,  , , ,  , , ,  , , ,  , , ,  , , ,  , , , 
14, 142, 16.864880389, 2, 0.184, 0.127, 41, 0.184, -0.127, -41,  , , ,  , , ,  , , ,  , , ,  , , ,  , , ,  , , ,  , , , 
14, 142, 16.864880389, 2, 0.184, 0.127, 41, 0.184, -0.127, -41,  , , ,  , , ,  , , ,  , , ,  , , ,  , , ,  , , ,  , , , 
14, 142, 16.864880389, 2, 0.184, 0.127, 41, 0.184, -0.127, -41,  , , ,  , , ,  , , ,  , , ,  , , ,  , , ,  , , ,  , , , 
14, 142, 16.864880389, 2, 0.184, 0.127, 41, 0.184, -0.127, -41,  , , ,  , , ,  , , ,  , , ,  , , ,  , , ,  , , ,  , , , 
14, 142, 16.864880389, 2, 0.184, 0.127, 41, 0.184, -0.127, -41,  , , ,  , , ,  , , ,  , , ,  , , ,  , , ,  , , ,  , , , 
14, 165, 16.6689153986, 2, 0.184, 0.127, 41, 0.184, -0.127, -41,  , , ,  , , ,  , , ,  , , ,  , , ,  , , ,  , , ,  , , , 
14, 169, 16.6480022926, 2, 0.184, 0.127, 41, 0.184, -0.127, -41,  , , ,  , , ,  , , ,  , , ,  , , ,  , , ,  , , ,  , , , 
14, 115, 16.7729355233, 2, 0.184, 0.127, 41, 0.184, -0.127, -41,  , , ,  , , ,  , , ,  , , ,  , , ,  , , ,  , , ,  , , , 
14, 169, 16.6480022926, 2, 0.184, 0.127, 41, 0.184, -0.127, -41,  , , ,  , , ,  , , ,  , , ,  , , ,  , , ,  , , ,  , , , 
14, 109, 16.7940654066, 2, 0.184, 0.127, 41, 0.184, -0.127, -41,  , , ,  , , ,  , , ,  , , ,  , , ,  , , ,  , , ,  , , , 
14, 169, 16.6480022926, 2, 0.184, 0.127, 41, 0.184, -0.127, -41,  , , ,  , , ,  , , ,  , , ,  , , ,  , , ,  , , ,  , , , 
14, 109, 16.7940654066, 2, 0.184, 0.127, 41, 0.184, -0.127, -41,  , , ,  , , ,  , , ,  , , ,  , , ,  , , ,  , , ,  , , , 
14, 184, 13.7976061839, 2, 0.184, 0.127, 41, 0.184, -0.127, -41,  , , ,  , , ,  , , ,  , , ,  , , ,  , , ,  , , ,  , , , 
14, 109, 16.7940654066, 2, 0.184, 0.127, 41, 0.184, -0.127, -41,  , , ,  , , ,  , , ,  , , ,  , , ,  , , ,  , , ,  , , , 
14, 164, 16.9255500818, 2, 0.184, 0.127, 41, 0.184, -0.127, -41,  , , ,  , , ,  , , ,  , , ,  , , ,  , , ,  , , ,  , , , 
14, 179, 13.8068332582, 2, 0.178, 0.149, 41, 0.178, -0.148, -41,  , , ,  , , ,  , , ,  , , ,  , , ,  , , ,  , , ,  , , , 
14, 109, 16.7940654066, 2, 0.184, 0.127, 41, 0.184, -0.127, -41,  , , ,  , , ,  , , ,  , , ,  , , ,  , , ,  , , ,  , , , 
14, 109, 16.7940654066, 2, 0.184, 0.127, 41, 0.184, -0.127, -41,  , , ,  , , ,  , , ,  , , ,  , , ,  , , ,  , , ,  , , , 
14, 109, 16.7940654066, 2, 0.184, 0.127, 41, 0.184, -0.127, -41,  , , ,  , , ,  , , ,  , , ,  , , ,  , , ,  , , ,  , , , 
14, 58, 13.784094543, 2, 0.184, 0.127, 41, 0.184, -0.127, -41,  , , ,  , , ,  , , ,  , , ,  , , ,  , , ,  , , ,  , , , 
14, 169, 16.6480022926, 2, 0.184, 0.127, 41, 0.184, -0.127, -41,  , , ,  , , ,  , , ,  , , ,  , , ,  , , ,  , , ,  , , , 
14, 109, 16.7940654066, 2, 0.184, 0.127, 41, 0.184, -0.127, -41,  , , ,  , , ,  , , ,  , , ,  , , ,  , , ,  , , ,  , , , 
15, 202, 13.1261236046, 2, 0.184, 0.127, 41, 0.184, -0.127, -41,  , , ,  , , ,  , , ,  , , ,  , , ,  , , ,  , , ,  , , , 
15, 109, 16.7940654066, 2, 0.184, 0.127, 41, 0.184, -0.127, -41,  , , ,  , , ,  , , ,  , , ,  , , ,  , , ,  , , ,  , , , 
15, 164, 16.9255500818, 2, 0.184, 0.127, 41, 0.184, -0.127, -41,  , , ,  , , ,  , , ,  , , ,  , , ,  , , ,  , , ,  , , , 
15, 109, 16.7940654066, 2, 0.184, 0.127, 41, 0.184, -0.127, -41,  , , ,  , , ,  , , ,  , , ,  , , ,  , , ,  , , ,  , , , 
15, 169, 16.6480022926, 2, 0.184, 0.127, 41, 0.184, -0.127, -41,  , , ,  , , ,  , , ,  , , ,  , , ,  , , ,  , , ,  , , , 
15, 169, 16.6480022926, 2, 0.184, 0.127, 41, 0.184, -0.127, -41,  , , ,  , , ,  , , ,  , , ,  , , ,  , , ,  , , ,  , , , 
15, 109, 16.7940654066, 2, 0.184, 0.127, 41, 0.184, -0.127, -41,  , , ,  , , ,  , , ,  , , ,  , , ,  , , ,  , , ,  , , , 
15, 109, 16.7940654066, 2, 0.184, 0.127, 41, 0.184, -0.127, -41,  , , ,  , , ,  , , ,  , , ,  , , ,  , , ,  , , ,  , , , 
15, 109, 16.7940654066, 2, 0.184, 0.127, 41, 0.184, -0.127, -41,  , , ,  , , ,  , , ,  , , ,  , , ,  , , ,  , , ,  , , , 
15, 109, 16.7940654066, 2, 0.184, 0.127, 41, 0.184, -0.127, -41,  , , ,  , , ,  , , ,  , , ,  , , ,  , , ,  , , ,  , , , 
15, 193, 9.5073893985, 2, 0.184, 0.127, 41, 0.184, -0.127, -41,  , , ,  , , ,  , , ,  , , ,  , , ,  , , ,  , , ,  , , , 
15, 193, 9.5073893985, 2, 0.184, 0.127, 41, 0.184, -0.127, -41,  , , ,  , , ,  , , ,  , , ,  , , ,  , , ,  , , ,  , , , 
15, 164, 16.9255500818, 2, 0.184, 0.127, 41, 0.184, -0.127, -41,  , , ,  , , ,  , , ,  , , ,  , , ,  , , ,  , , ,  , , , 
15, 109, 16.7940654066, 2, 0.184, 0.127, 41, 0.184, -0.127, -41,  , , ,  , , ,  , , ,  , , ,  , , ,  , , ,  , , ,  , , , 
15, 165, 16.6689153986, 2, 0.184, 0.127, 41, 0.184, -0.127, -41,  , , ,  , , ,  , , ,  , , ,  , , ,  , , ,  , , ,  , , , 
15, 109, 16.7940654066, 2, 0.184, 0.127, 41, 0.184, -0.127, -41,  , , ,  , , ,  , , ,  , , ,  , , ,  , , ,  , , ,  , , , 
15, 142, 16.864880389, 2, 0.184, 0.127, 41, 0.184, -0.127, -41,  , , ,  , , ,  , , ,  , , ,  , , ,  , , ,  , , ,  , , , 
15, 142, 16.864880389, 2, 0.184, 0.127, 41, 0.184, -0.127, -41,  , , ,  , , ,  , , ,  , , ,  , , ,  , , ,  , , ,  , , , 
15, 190, 12.618245421, 2, 0.184, 0.148, 41, 0.184, -0.148, -41,  , , ,  , , ,  , , ,  , , ,  , , ,  , , ,  , , ,  , , , 
15, 109, 16.7940654066, 2, 0.184, 0.127, 41, 0.184, -0.127, -41,  , , ,  , , ,  , , ,  , , ,  , , ,  , , ,  , , ,  , , , 
15, 142, 16.864880389, 2, 0.184, 0.127, 41, 0.184, -0.127, -41,  , , ,  , , ,  , , ,  , , ,  , , ,  , , ,  , , ,  , , , 
15, 164, 16.9255500818, 2, 0.184, 0.127, 41, 0.184, -0.127, -41,  , , ,  , , ,  , , ,  , , ,  , , ,  , , ,  , , ,  , , , 
15, 161, 15.6291952412, 6, 0.215, 0.13, 11, 0.226, -0.12, 29, 0.24, -0.018, -28, 0.215, -0.13, -11, 0.226, 0.121, -29, 0.24, 0.018, 28,  , , ,  , , ,  , , ,  , , , 
15, 142, 16.864880389, 2, 0.184, 0.127, 41, 0.184, -0.127, -41,  , , ,  , , ,  , , ,  , , ,  , , ,  , , ,  , , ,  , , , 
15, 142, 16.864880389, 2, 0.184, 0.127, 41, 0.184, -0.127, -41,  , , ,  , , ,  , , ,  , , ,  , , ,  , , ,  , , ,  , , , 
15, 169, 16.6480022926, 2, 0.184, 0.127, 41, 0.184, -0.127, -41,  , , ,  , , ,  , , ,  , , ,  , , ,  , , ,  , , ,  , , , 
15, 164, 16.9255500818, 2, 0.184, 0.127, 41, 0.184, -0.127, -41,  , , ,  , , ,  , , ,  , , ,  , , ,  , , ,  , , ,  , , , 
15, 179, 13.8068332582, 2, 0.178, 0.149, 41, 0.178, -0.148, -41,  , , ,  , , ,  , , ,  , , ,  , , ,  , , ,  , , ,  , , , 
15, 196, 12.5877631368, 2, 0.184, 0.127, 41, 0.184, -0.127, -41,  , , ,  , , ,  , , ,  , , ,  , , ,  , , ,  , , ,  , , , 
15, 169, 16.6480022926, 2, 0.184, 0.127, 41, 0.184, -0.127, -41,  , , ,  , , ,  , , ,  , , ,  , , ,  , , ,  , , ,  , , , 
16, 214, 16.7076349653, 2, 0.184, 0.127, 41, 0.184, -0.127, -41,  , , ,  , , ,  , , ,  , , ,  , , ,  , , ,  , , ,  , , , 
16, 109, 16.7940654066, 2, 0.184, 0.127, 41, 0.184, -0.127, -41,  , , ,  , , ,  , , ,  , , ,  , , ,  , , ,  , , ,  , , , 
16, 169, 16.6480022926, 2, 0.184, 0.127, 41, 0.184, -0.127, -41,  , , ,  , , ,  , , ,  , , ,  , , ,  , , ,  , , ,  , , , 
16, 109, 16.7940654066, 2, 0.184, 0.127, 41, 0.184, -0.127, -41,  , , ,  , , ,  , , ,  , , ,  , , ,  , , ,  , , ,  , , , 
16, 164, 16.9255500818, 2, 0.184, 0.127, 41, 0.184, -0.127, -41,  , , ,  , , ,  , , ,  , , ,  , , ,  , , ,  , , ,  , , , 
16, 214, 16.7076349653, 2, 0.184, 0.127, 41, 0.184, -0.127, -41,  , , ,  , , ,  , , ,  , , ,  , , ,  , , ,  , , ,  , , , 
16, 164, 16.9255500818, 2, 0.184, 0.127, 41, 0.184, -0.127, -41,  , , ,  , , ,  , , ,  , , ,  , , ,  , , ,  , , ,  , , , 
16, 169, 16.6480022926, 2, 0.184, 0.127, 41, 0.184, -0.127, -41,  , , ,  , , ,  , , ,  , , ,  , , ,  , , ,  , , ,  , , , 
16, 164, 16.9255500818, 2, 0.184, 0.127, 41, 0.184, -0.127, -41,  , , ,  , , ,  , , ,  , , ,  , , ,  , , ,  , , ,  , , , 
16, 109, 16.7940654066, 2, 0.184, 0.127, 41, 0.184, -0.127, -41,  , , ,  , , ,  , , ,  , , ,  , , ,  , , ,  , , ,  , , , 
16, 109, 16.7940654066, 2, 0.184, 0.127, 41, 0.184, -0.127, -41,  , , ,  , , ,  , , ,  , , ,  , , ,  , , ,  , , ,  , , , 
16, 109, 16.7940654066, 2, 0.184, 0.127, 41, 0.184, -0.127, -41,  , , ,  , , ,  , , ,  , , ,  , , ,  , , ,  , , ,  , , , 
16, 109, 16.7940654066, 2, 0.184, 0.127, 41, 0.184, -0.127, -41,  , , ,  , , ,  , , ,  , , ,  , , ,  , , ,  , , ,  , , , 
16, 211, 13.7099809835, 2, 0.184, 0.127, 41, 0.184, -0.127, -41,  , , ,  , , ,  , , ,  , , ,  , , ,  , , ,  , , ,  , , , 
16, 214, 16.7076349653, 2, 0.184, 0.127, 41, 0.184, -0.127, -41,  , , ,  , , ,  , , ,  , , ,  , , ,  , , ,  , , ,  , , , 
16, 164, 16.9255500818, 2, 0.184, 0.127, 41, 0.184, -0.127, -41,  , , ,  , , ,  , , ,  , , ,  , , ,  , , ,  , , ,  , , , 
16, 214, 16.7076349653, 2, 0.184, 0.127, 41, 0.184, -0.127, -41,  , , ,  , , ,  , , ,  , , ,  , , ,  , , ,  , , ,  , , , 
16, 142, 16.864880389, 2, 0.184, 0.127, 41, 0.184, -0.127, -41,  , , ,  , , ,  , , ,  , , ,  , , ,  , , ,  , , ,  , , , 
16, 109, 16.7940654066, 2, 0.184, 0.127, 41, 0.184, -0.127, -41,  , , ,  , , ,  , , ,  , , ,  , , ,  , , ,  , , ,  , , , 
16, 109, 16.7940654066, 2, 0.184, 0.127, 41, 0.184, -0.127, -41,  , , ,  , , ,  , , ,  , , ,  , , ,  , , ,  , , ,  , , , 
16, 142, 16.864880389, 2, 0.184, 0.127, 41, 0.184, -0.127, -41,  , , ,  , , ,  , , ,  , , ,  , , ,  , , ,  , , ,  , , , 
16, 142, 16.864880389, 2, 0.184, 0.127, 41, 0.184, -0.127, -41,  , , ,  , , ,  , , ,  , , ,  , , ,  , , ,  , , ,  , , , 
16, 214, 16.7076349653, 2, 0.184, 0.127, 41, 0.184, -0.127, -41,  , , ,  , , ,  , , ,  , , ,  , , ,  , , ,  , , ,  , , , 
16, 142, 16.864880389, 2, 0.184, 0.127, 41, 0.184, -0.127, -41,  , , ,  , , ,  , , ,  , , ,  , , ,  , , ,  , , ,  , , , 
16, 142, 16.864880389, 2, 0.184, 0.127, 41, 0.184, -0.127, -41,  , , ,  , , ,  , , ,  , , ,  , , ,  , , ,  , , ,  , , , 
16, 206, 11.7940070268, 4, 0.184, 0.127, 41, 0.03, 0.119, -82, 0.184, -0.127, -41, 0.03, -0.119, 82,  , , ,  , , ,  , , ,  , , ,  , , ,  , , , 
16, 109, 16.7940654066, 2, 0.184, 0.127, 41, 0.184, -0.127, -41,  , , ,  , , ,  , , ,  , , ,  , , ,  , , ,  , , ,  , , , 
16, 109, 16.7940654066, 2, 0.184, 0.127, 41, 0.184, -0.127, -41,  , , ,  , , ,  , , ,  , , ,  , , ,  , , ,  , , ,  , , , 
16, 164, 16.9255500818, 2, 0.184, 0.127, 41, 0.184, -0.127, -41,  , , ,  , , ,  , , ,  , , ,  , , ,  , , ,  , , ,  , , , 
16, 212, 12.5556610521, 6, 0.178, 0.149, 41, 0.226, -0.12, 29, 0.24, -0.018, -28, 0.178, -0.148, -41, 0.226, 0.121, -29, 0.24, 0.018, 28,  , , ,  , , ,  , , ,  , , , 
17, 218, 16.8611541735, 2, 0.16, 0.127, 41, 0.16, -0.127, -41,  , , ,  , , ,  , , ,  , , ,  , , ,  , , ,  , , ,  , , , 
17, 142, 16.864880389, 2, 0.184, 0.127, 41, 0.184, -0.127, -41,  , , ,  , , ,  , , ,  , , ,  , , ,  , , ,  , , ,  , , , 
17, 109, 16.7940654066, 2, 0.184, 0.127, 41, 0.184, -0.127, -41,  , , ,  , , ,  , , ,  , , ,  , , ,  , , ,  , , ,  , , , 
17, 225, 12.5581593315, 2, 0.184, 0.127, 41, 0.184, -0.127, -41,  , , ,  , , ,  , , ,  , , ,  , , ,  , , ,  , , ,  , , , 
17, 109, 16.7940654066, 2, 0.184, 0.127, 41, 0.184, -0.127, -41,  , , ,  , , ,  , , ,  , , ,  , , ,  , , ,  , , ,  , , , 
17, 142, 16.864880389, 2, 0.184, 0.127, 41, 0.184, -0.127, -41,  , , ,  , , ,  , , ,  , , ,  , , ,  , , ,  , , ,  , , , 
17, 109, 16.7940654066, 2, 0.184, 0.127, 41, 0.184, -0.127, -41,  , , ,  , , ,  , , ,  , , ,  , , ,  , , ,  , , ,  , , , 
17, 109, 16.7940654066, 2, 0.184, 0.127, 41, 0.184, -0.127, -41,  , , ,  , , ,  , , ,  , , ,  , , ,  , , ,  , , ,  , , , 
17, 109, 16.7940654066, 2, 0.184, 0.127, 41, 0.184, -0.127, -41,  , , ,  , , ,  , , ,  , , ,  , , ,  , , ,  , , ,  , , , 
17, 219, 12.9882006559, 4, 0.184, 0.127, 41, 0.158, -0.148, 44, 0.184, -0.127, -41, 0.158, 0.148, -44,  , , ,  , , ,  , , ,  , , ,  , , ,  , , , 
17, 164, 16.9255500818, 2, 0.184, 0.127, 41, 0.184, -0.127, -41,  , , ,  , , ,  , , ,  , , ,  , , ,  , , ,  , , ,  , , , 
17, 164, 16.9255500818, 2, 0.184, 0.127, 41, 0.184, -0.127, -41,  , , ,  , , ,  , , ,  , , ,  , , ,  , , ,  , , ,  , , , 
17, 219, 12.9882006559, 4, 0.184, 0.127, 41, 0.158, -0.148, 44, 0.184, -0.127, -41, 0.158, 0.148, -44,  , , ,  , , ,  , , ,  , , ,  , , ,  , , , 
17, 142, 16.864880389, 2, 0.184, 0.127, 41, 0.184, -0.127, -41,  , , ,  , , ,  , , ,  , , ,  , , ,  , , ,  , , ,  , , , 
17, 214, 16.7076349653, 2, 0.184, 0.127, 41, 0.184, -0.127, -41,  , , ,  , , ,  , , ,  , , ,  , , ,  , , ,  , , ,  , , , 
17, 164, 16.9255500818, 2, 0.184, 0.127, 41, 0.184, -0.127, -41,  , , ,  , , ,  , , ,  , , ,  , , ,  , , ,  , , ,  , , , 
17, 142, 16.864880389, 2, 0.184, 0.127, 41, 0.184, -0.127, -41,  , , ,  , , ,  , , ,  , , ,  , , ,  , , ,  , , ,  , , , 
17, 109, 16.7940654066, 2, 0.184, 0.127, 41, 0.184, -0.127, -41,  , , ,  , , ,  , , ,  , , ,  , , ,  , , ,  , , ,  , , , 
17, 164, 16.9255500818, 2, 0.184, 0.127, 41, 0.184, -0.127, -41,  , , ,  , , ,  , , ,  , , ,  , , ,  , , ,  , , ,  , , , 
17, 214, 16.7076349653, 2, 0.184, 0.127, 41, 0.184, -0.127, -41,  , , ,  , , ,  , , ,  , , ,  , , ,  , , ,  , , ,  , , , 
17, 164, 16.9255500818, 2, 0.184, 0.127, 41, 0.184, -0.127, -41,  , , ,  , , ,  , , ,  , , ,  , , ,  , , ,  , , ,  , , , 
17, 109, 16.7940654066, 2, 0.184, 0.127, 41, 0.184, -0.127, -41,  , , ,  , , ,  , , ,  , , ,  , , ,  , , ,  , , ,  , , , 
17, 214, 16.7076349653, 2, 0.184, 0.127, 41, 0.184, -0.127, -41,  , , ,  , , ,  , , ,  , , ,  , , ,  , , ,  , , ,  , , , 
17, 142, 16.864880389, 2, 0.184, 0.127, 41, 0.184, -0.127, -41,  , , ,  , , ,  , , ,  , , ,  , , ,  , , ,  , , ,  , , , 
17, 164, 16.9255500818, 2, 0.184, 0.127, 41, 0.184, -0.127, -41,  , , ,  , , ,  , , ,  , , ,  , , ,  , , ,  , , ,  , , , 
17, 109, 16.7940654066, 2, 0.184, 0.127, 41, 0.184, -0.127, -41,  , , ,  , , ,  , , ,  , , ,  , , ,  , , ,  , , ,  , , , 
17, 142, 16.864880389, 2, 0.184, 0.127, 41, 0.184, -0.127, -41,  , , ,  , , ,  , , ,  , , ,  , , ,  , , ,  , , ,  , , , 
17, 164, 16.9255500818, 2, 0.184, 0.127, 41, 0.184, -0.127, -41,  , , ,  , , ,  , , ,  , , ,  , , ,  , , ,  , , ,  , , , 
17, 109, 16.7940654066, 2, 0.184, 0.127, 41, 0.184, -0.127, -41,  , , ,  , , ,  , , ,  , , ,  , , ,  , , ,  , , ,  , , , 
17, 227, 16.777796447, 2, 0.184, 0.127, 41, 0.184, -0.127, -41,  , , ,  , , ,  , , ,  , , ,  , , ,  , , ,  , , ,  , , , 
18, 234, 16.7188068466, 2, 0.184, 0.127, 41, 0.184, -0.127, -41,  , , ,  , , ,  , , ,  , , ,  , , ,  , , ,  , , ,  , , , 
18, 164, 16.9255500818, 2, 0.184, 0.127, 41, 0.184, -0.127, -41,  , , ,  , , ,  , , ,  , , ,  , , ,  , , ,  , , ,  , , , 
18, 109, 16.7940654066, 2, 0.184, 0.127, 41, 0.184, -0.127, -41,  , , ,  , , ,  , , ,  , , ,  , , ,  , , ,  , , ,  , , , 
18, 142, 16.864880389, 2, 0.184, 0.127, 41, 0.184, -0.127, -41,  , , ,  , , ,  , , ,  , , ,  , , ,  , , ,  , , ,  , , , 
18, 237, 13.7317438435, 2, 0.184, 0.127, 41, 0.184, -0.127, -41,  , , ,  , , ,  , , ,  , , ,  , , ,  , , ,  , , ,  , , , 
18, 109, 16.7940654066, 2, 0.184, 0.127, 41, 0.184, -0.127, -41,  , , ,  , , ,  , , ,  , , ,  , , ,  , , ,  , , ,  , , , 
18, 109, 16.7940654066, 2, 0.184, 0.127, 41, 0.184, -0.127, -41,  , , ,  , , ,  , , ,  , , ,  , , ,  , , ,  , , ,  , , , 
18, 109, 16.7940654066, 2, 0.184, 0.127, 41, 0.184, -0.127, -41,  , , ,  , , ,  , , ,  , , ,  , , ,  , , ,  , , ,  , , , 
18, 142, 16.864880389, 2, 0.184, 0.127, 41, 0.184, -0.127, -41,  , , ,  , , ,  , , ,  , , ,  , , ,  , , ,  , , ,  , , , 
18, 214, 16.7076349653, 2, 0.184, 0.127, 41, 0.184, -0.127, -41,  , , ,  , , ,  , , ,  , , ,  , , ,  , , ,  , , ,  , , , 
18, 109, 16.7940654066, 2, 0.184, 0.127, 41, 0.184, -0.127, -41,  , , ,  , , ,  , , ,  , , ,  , , ,  , , ,  , , ,  , , , 
18, 142, 16.864880389, 2, 0.184, 0.127, 41, 0.184, -0.127, -41,  , , ,  , , ,  , , ,  , , ,  , , ,  , , ,  , , ,  , , , 
18, 164, 16.9255500818, 2, 0.184, 0.127, 41, 0.184, -0.127, -41,  , , ,  , , ,  , , ,  , , ,  , , ,  , , ,  , , ,  , , , 
18, 109, 16.7940654066, 2, 0.184, 0.127, 41, 0.184, -0.127, -41,  , , ,  , , ,  , , ,  , , ,  , , ,  , , ,  , , ,  , , , 
18, 230, 13.7758987586, 2, 0.17, 0.127, 41, 0.17, -0.127, -41,  , , ,  , , ,  , , ,  , , ,  , , ,  , , ,  , , ,  , , , 
18, 109, 16.7940654066, 2, 0.184, 0.127, 41, 0.184, -0.127, -41,  , , ,  , , ,  , , ,  , , ,  , , ,  , , ,  , , ,  , , , 
18, 164, 16.9255500818, 2, 0.184, 0.127, 41, 0.184, -0.127, -41,  , , ,  , , ,  , , ,  , , ,  , , ,  , , ,  , , ,  , , , 
18, 142, 16.864880389, 2, 0.184, 0.127, 41, 0.184, -0.127, -41,  , , ,  , , ,  , , ,  , , ,  , , ,  , , ,  , , ,  , , , 
18, 142, 16.864880389, 2, 0.184, 0.127, 41, 0.184, -0.127, -41,  , , ,  , , ,  , , ,  , , ,  , , ,  , , ,  , , ,  , , , 
18, 164, 16.9255500818, 2, 0.184, 0.127, 41, 0.184, -0.127, -41,  , , ,  , , ,  , , ,  , , ,  , , ,  , , ,  , , ,  , , , 
18, 164, 16.9255500818, 2, 0.184, 0.127, 41, 0.184, -0.127, -41,  , , ,  , , ,  , , ,  , , ,  , , ,  , , ,  , , ,  , , , 
18, 235, 16.6919800736, 2, 0.184, 0.127, 41, 0.184, -0.127, -41,  , , ,  , , ,  , , ,  , , ,  , , ,  , , ,  , , ,  , , , 
18, 164, 16.9255500818, 2, 0.184, 0.127, 41, 0.184, -0.127, -41,  , , ,  , , ,  , , ,  , , ,  , , ,  , , ,  , , ,  , , , 
18, 109, 16.7940654066, 2, 0.184, 0.127, 41, 0.184, -0.127, -41,  , , ,  , , ,  , , ,  , , ,  , , ,  , , ,  , , ,  , , , 
18, 164, 16.9255500818, 2, 0.184, 0.127, 41, 0.184, -0.127, -41,  , , ,  , , ,  , , ,  , , ,  , , ,  , , ,  , , ,  , , , 
18, 142, 16.864880389, 2, 0.184, 0.127, 41, 0.184, -0.127, -41,  , , ,  , , ,  , , ,  , , ,  , , ,  , , ,  , , ,  , , , 
18, 142, 16.864880389, 2, 0.184, 0.127, 41, 0.184, -0.127, -41,  , , ,  , , ,  , , ,  , , ,  , , ,  , , ,  , , ,  , , , 
18, 236, 16.6612870247, 2, 0.184, 0.127, 41, 0.184, -0.127, -41,  , , ,  , , ,  , , ,  , , ,  , , ,  , , ,  , , ,  , , , 
18, 214, 16.7076349653, 2, 0.184, 0.127, 41, 0.184, -0.127, -41,  , , ,  , , ,  , , ,  , , ,  , , ,  , , ,  , , ,  , , , 
18, 142, 16.864880389, 2, 0.184, 0.127, 41, 0.184, -0.127, -41,  , , ,  , , ,  , , ,  , , ,  , , ,  , , ,  , , ,  , , , 
19, 254, 16.8255217426, 2, 0.184, 0.127, 41, 0.184, -0.127, -41,  , , ,  , , ,  , , ,  , , ,  , , ,  , , ,  , , ,  , , , 
19, 142, 16.864880389, 2, 0.184, 0.127, 41, 0.184, -0.127, -41,  , , ,  , , ,  , , ,  , , ,  , , ,  , , ,  , , ,  , , , 
19, 164, 16.9255500818, 2, 0.184, 0.127, 41, 0.184, -0.127, -41,  , , ,  , , ,  , , ,  , , ,  , , ,  , , ,  , , ,  , , , 
19, 142, 16.864880389, 2, 0.184, 0.127, 41, 0.184, -0.127, -41,  , , ,  , , ,  , , ,  , , ,  , , ,  , , ,  , , ,  , , , 
19, 142, 16.864880389, 2, 0.184, 0.127, 41, 0.184, -0.127, -41,  , , ,  , , ,  , , ,  , , ,  , , ,  , , ,  , , ,  , , , 
19, 242, 12.6696569232, 2, 0.184, 0.127, 41, 0.184, -0.127, -41,  , , ,  , , ,  , , ,  , , ,  , , ,  , , ,  , , ,  , , , 
19, 236, 16.6612870247, 2, 0.184, 0.127, 41, 0.184, -0.127, -41,  , , ,  , , ,  , , ,  , , ,  , , ,  , , ,  , , ,  , , , 
19, 109, 16.7940654066, 2, 0.184, 0.127, 41, 0.184, -0.127, -41,  , , ,  , , ,  , , ,  , , ,  , , ,  , , ,  , , ,  , , , 
19, 142, 16.864880389, 2, 0.184, 0.127, 41, 0.184, -0.127, -41,  , , ,  , , ,  , , ,  , , ,  , , ,  , , ,  , , ,  , , , 
19, 142, 16.864880389, 2, 0.184, 0.127, 41, 0.184, -0.127, -41,  , , ,  , , ,  , , ,  , , ,  , , ,  , , ,  , , ,  , , , 
19, 142, 16.864880389, 2, 0.184, 0.127, 41, 0.184, -0.127, -41,  , , ,  , , ,  , , ,  , , ,  , , ,  , , ,  , , ,  , , , 
19, 109, 16.7940654066, 2, 0.184, 0.127, 41, 0.184, -0.127, -41,  , , ,  , , ,  , , ,  , , ,  , , ,  , , ,  , , ,  , , , 
19, 164, 16.9255500818, 2, 0.184, 0.127, 41, 0.184, -0.127, -41,  , , ,  , , ,  , , ,  , , ,  , , ,  , , ,  , , ,  , , , 
19, 164, 16.9255500818, 2, 0.184, 0.127, 41, 0.184, -0.127, -41,  , , ,  , , ,  , , ,  , , ,  , , ,  , , ,  , , ,  , , , 
19, 142, 16.864880389, 2, 0.184, 0.127, 41, 0.184, -0.127, -41,  , , ,  , , ,  , , ,  , , ,  , , ,  , , ,  , , ,  , , , 
19, 254, 16.8255217426, 2, 0.184, 0.127, 41, 0.184, -0.127, -41,  , , ,  , , ,  , , ,  , , ,  , , ,  , , ,  , , ,  , , , 
19, 164, 16.9255500818, 2, 0.184, 0.127, 41, 0.184, -0.127, -41,  , , ,  , , ,  , , ,  , , ,  , , ,  , , ,  , , ,  , , , 
19, 241, 16.7494210756, 2, 0.184, 0.127, 41, 0.184, -0.127, -41,  , , ,  , , ,  , , ,  , , ,  , , ,  , , ,  , , ,  , , , 
19, 109, 16.7940654066, 2, 0.184, 0.127, 41, 0.184, -0.127, -41,  , , ,  , , ,  , , ,  , , ,  , , ,  , , ,  , , ,  , , , 
19, 142, 16.864880389, 2, 0.184, 0.127, 41, 0.184, -0.127, -41,  , , ,  , , ,  , , ,  , , ,  , , ,  , , ,  , , ,  , , , 
19, 109, 16.7940654066, 2, 0.184, 0.127, 41, 0.184, -0.127, -41,  , , ,  , , ,  , , ,  , , ,  , , ,  , , ,  , , ,  , , , 
19, 109, 16.7940654066, 2, 0.184, 0.127, 41, 0.184, -0.127, -41,  , , ,  , , ,  , , ,  , , ,  , , ,  , , ,  , , ,  , , , 
19, 109, 16.7940654066, 2, 0.184, 0.127, 41, 0.184, -0.127, -41,  , , ,  , , ,  , , ,  , , ,  , , ,  , , ,  , , ,  , , , 
19, 214, 16.7076349653, 2, 0.184, 0.127, 41, 0.184, -0.127, -41,  , , ,  , , ,  , , ,  , , ,  , , ,  , , ,  , , ,  , , , 
19, 164, 16.9255500818, 2, 0.184, 0.127, 41, 0.184, -0.127, -41,  , , ,  , , ,  , , ,  , , ,  , , ,  , , ,  , , ,  , , , 
19, 142, 16.864880389, 2, 0.184, 0.127, 41, 0.184, -0.127, -41,  , , ,  , , ,  , , ,  , , ,  , , ,  , , ,  , , ,  , , , 
19, 214, 16.7076349653, 2, 0.184, 0.127, 41, 0.184, -0.127, -41,  , , ,  , , ,  , , ,  , , ,  , , ,  , , ,  , , ,  , , , 
19, 142, 16.864880389, 2, 0.184, 0.127, 41, 0.184, -0.127, -41,  , , ,  , , ,  , , ,  , , ,  , , ,  , , ,  , , ,  , , , 
19, 142, 16.864880389, 2, 0.184, 0.127, 41, 0.184, -0.127, -41,  , , ,  , , ,  , , ,  , , ,  , , ,  , , ,  , , ,  , , , 
19, 142, 16.864880389, 2, 0.184, 0.127, 41, 0.184, -0.127, -41,  , , ,  , , ,  , , ,  , , ,  , , ,  , , ,  , , ,  , , , 
20, 258, 16.6808165838, 2, 0.184, 0.116, 41, 0.184, -0.115, -41,  , , ,  , , ,  , , ,  , , ,  , , ,  , , ,  , , ,  , , , 
20, 214, 16.7076349653, 2, 0.184, 0.127, 41, 0.184, -0.127, -41,  , , ,  , , ,  , , ,  , , ,  , , ,  , , ,  , , ,  , , , 
20, 142, 16.864880389, 2, 0.184, 0.127, 41, 0.184, -0.127, -41,  , , ,  , , ,  , , ,  , , ,  , , ,  , , ,  , , ,  , , , 
20, 142, 16.864880389, 2, 0.184, 0.127, 41, 0.184, -0.127, -41,  , , ,  , , ,  , , ,  , , ,  , , ,  , , ,  , , ,  , , , 
20, 269, 16.634889585, 2, 0.184, 0.127, 41, 0.184, -0.127, -41,  , , ,  , , ,  , , ,  , , ,  , , ,  , , ,  , , ,  , , , 
20, 214, 16.7076349653, 2, 0.184, 0.127, 41, 0.184, -0.127, -41,  , , ,  , , ,  , , ,  , , ,  , , ,  , , ,  , , ,  , , , 
20, 142, 16.864880389, 2, 0.184, 0.127, 41, 0.184, -0.127, -41,  , , ,  , , ,  , , ,  , , ,  , , ,  , , ,  , , ,  , , , 
20, 109, 16.7940654066, 2, 0.184, 0.127, 41, 0.184, -0.127, -41,  , , ,  , , ,  , , ,  , , ,  , , ,  , , ,  , , ,  , , , 
20, 241, 16.7494210756, 2, 0.184, 0.127, 41, 0.184, -0.127, -41,  , , ,  , , ,  , , ,  , , ,  , , ,  , , ,  , , ,  , , , 
20, 214, 16.7076349653, 2, 0.184, 0.127, 41, 0.184, -0.127, -41,  , , ,  , , ,  , , ,  , , ,  , , ,  , , ,  , , ,  , , , 
20, 257, 16.6629697485, 2, 0.184, 0.111, 41, 0.184, -0.11, -41,  , , ,  , , ,  , , ,  , , ,  , , ,  , , ,  , , ,  , , , 
20, 254, 16.8255217426, 2, 0.184, 0.127, 41, 0.184, -0.127, -41,  , , ,  , , ,  , , ,  , , ,  , , ,  , , ,  , , ,  , , , 
20, 142, 16.864880389, 2, 0.184, 0.127, 41, 0.184, -0.127, -41,  , , ,  , , ,  , , ,  , , ,  , , ,  , , ,  , , ,  , , , 
20, 241, 16.7494210756, 2, 0.184, 0.127, 41, 0.184, -0.127, -41,  , , ,  , , ,  , , ,  , , ,  , , ,  , , ,  , , ,  , , , 
20, 164, 16.9255500818, 2, 0.184, 0.127, 41, 0.184, -0.127, -41,  , , ,  , , ,  , , ,  , , ,  , , ,  , , ,  , , ,  , , , 
20, 142, 16.864880389, 2, 0.184, 0.127, 41, 0.184, -0.127, -41,  , , ,  , , ,  , , ,  , , ,  , , ,  , , ,  , , ,  , , , 
20, 254, 16.8255217426, 2, 0.184, 0.127, 41, 0.184, -0.127, -41,  , , ,  , , ,  , , ,  , , ,  , , ,  , , ,  , , ,  , , , 
20, 142, 16.864880389, 2, 0.184, 0.127, 41, 0.184, -0.127, -41,  , , ,  , , ,  , , ,  , , ,  , , ,  , , ,  , , ,  , , , 
20, 261, 12.5314669874, 2, 0.246, 0.127, -80, 0.246, -0.127, 80,  , , ,  , , ,  , , ,  , , ,  , , ,  , , ,  , , ,  , , , 
20, 164, 16.9255500818, 2, 0.184, 0.127, 41, 0.184, -0.127, -41,  , , ,  , , ,  , , ,  , , ,  , , ,  , , ,  , , ,  , , , 
20, 258, 16.6808165838, 2, 0.184, 0.116, 41, 0.184, -0.115, -41,  , , ,  , , ,  , , ,  , , ,  , , ,  , , ,  , , ,  , , , 
20, 142, 16.864880389, 2, 0.184, 0.127, 41, 0.184, -0.127, -41,  , , ,  , , ,  , , ,  , , ,  , , ,  , , ,  , , ,  , , , 
20, 142, 16.864880389, 2, 0.184, 0.127, 41, 0.184, -0.127, -41,  , , ,  , , ,  , , ,  , , ,  , , ,  , , ,  , , ,  , , , 
20, 164, 16.9255500818, 2, 0.184, 0.127, 41, 0.184, -0.127, -41,  , , ,  , , ,  , , ,  , , ,  , , ,  , , ,  , , ,  , , , 
20, 142, 16.864880389, 2, 0.184, 0.127, 41, 0.184, -0.127, -41,  , , ,  , , ,  , , ,  , , ,  , , ,  , , ,  , , ,  , , , 
20, 142, 16.864880389, 2, 0.184, 0.127, 41, 0.184, -0.127, -41,  , , ,  , , ,  , , ,  , , ,  , , ,  , , ,  , , ,  , , , 
20, 109, 16.7940654066, 2, 0.184, 0.127, 41, 0.184, -0.127, -41,  , , ,  , , ,  , , ,  , , ,  , , ,  , , ,  , , ,  , , , 
20, 268, 16.6587678164, 2, 0.184, 0.127, 41, 0.184, -0.127, -41,  , , ,  , , ,  , , ,  , , ,  , , ,  , , ,  , , ,  , , , 
20, 142, 16.864880389, 2, 0.184, 0.127, 41, 0.184, -0.127, -41,  , , ,  , , ,  , , ,  , , ,  , , ,  , , ,  , , ,  , , , 
20, 254, 16.8255217426, 2, 0.184, 0.127, 41, 0.184, -0.127, -41,  , , ,  , , ,  , , ,  , , ,  , , ,  , , ,  , , ,  , , , 
21, 273, 13.0767554413, 4, 0.184, 0.127, 41, 0.247, 0.131, 0, 0.184, -0.127, -41, 0.247, -0.131, 0,  , , ,  , , ,  , , ,  , , ,  , , ,  , , , 
21, 142, 16.864880389, 2, 0.184, 0.127, 41, 0.184, -0.127, -41,  , , ,  , , ,  , , ,  , , ,  , , ,  , , ,  , , ,  , , , 
21, 142, 16.864880389, 2, 0.184, 0.127, 41, 0.184, -0.127, -41,  , , ,  , , ,  , , ,  , , ,  , , ,  , , ,  , , ,  , , , 
21, 142, 16.864880389, 2, 0.184, 0.127, 41, 0.184, -0.127, -41,  , , ,  , , ,  , , ,  , , ,  , , ,  , , ,  , , ,  , , , 
21, 268, 16.6587678164, 2, 0.184, 0.127, 41, 0.184, -0.127, -41,  , , ,  , , ,  , , ,  , , ,  , , ,  , , ,  , , ,  , , , 
21, 142, 16.864880389, 2, 0.184, 0.127, 41, 0.184, -0.127, -41,  , , ,  , , ,  , , ,  , , ,  , , ,  , , ,  , , ,  , , , 
21, 254, 16.8255217426, 2, 0.184, 0.127, 41, 0.184, -0.127, -41,  , , ,  , , ,  , , ,  , , ,  , , ,  , , ,  , , ,  , , , 
21, 142, 16.864880389, 2, 0.184, 0.127, 41, 0.184, -0.127, -41,  , , ,  , , ,  , , ,  , , ,  , , ,  , , ,  , , ,  , , , 
21, 142, 16.864880389, 2, 0.184, 0.127, 41, 0.184, -0.127, -41,  , , ,  , , ,  , , ,  , , ,  , , ,  , , ,  , , ,  , , , 
21, 164, 16.9255500818, 2, 0.184, 0.127, 41, 0.184, -0.127, -41,  , , ,  , , ,  , , ,  , , ,  , , ,  , , ,  , , ,  , , , 
21, 109, 16.7940654066, 2, 0.184, 0.127, 41, 0.184, -0.127, -41,  , , ,  , , ,  , , ,  , , ,  , , ,  , , ,  , , ,  , , , 
21, 214, 16.7076349653, 2, 0.184, 0.127, 41, 0.184, -0.127, -41,  , , ,  , , ,  , , ,  , , ,  , , ,  , , ,  , , ,  , , , 
21, 164, 16.9255500818, 2, 0.184, 0.127, 41, 0.184, -0.127, -41,  , , ,  , , ,  , , ,  , , ,  , , ,  , , ,  , , ,  , , , 
21, 142, 16.864880389, 2, 0.184, 0.127, 41, 0.184, -0.127, -41,  , , ,  , , ,  , , ,  , , ,  , , ,  , , ,  , , ,  , , , 
21, 142, 16.864880389, 2, 0.184, 0.127, 41, 0.184, -0.127, -41,  , , ,  , , ,  , , ,  , , ,  , , ,  , , ,  , , ,  , , , 
21, 241, 16.7494210756, 2, 0.184, 0.127, 41, 0.184, -0.127, -41,  , , ,  , , ,  , , ,  , , ,  , , ,  , , ,  , , ,  , , , 
21, 142, 16.864880389, 2, 0.184, 0.127, 41, 0.184, -0.127, -41,  , , ,  , , ,  , , ,  , , ,  , , ,  , , ,  , , ,  , , , 
21, 142, 16.864880389, 2, 0.184, 0.127, 41, 0.184, -0.127, -41,  , , ,  , , ,  , , ,  , , ,  , , ,  , , ,  , , ,  , , , 
21, 142, 16.864880389, 2, 0.184, 0.127, 41, 0.184, -0.127, -41,  , , ,  , , ,  , , ,  , , ,  , , ,  , , ,  , , ,  , , , 
21, 109, 16.7940654066, 2, 0.184, 0.127, 41, 0.184, -0.127, -41,  , , ,  , , ,  , , ,  , , ,  , , ,  , , ,  , , ,  , , , 
21, 164, 16.9255500818, 2, 0.184, 0.127, 41, 0.184, -0.127, -41,  , , ,  , , ,  , , ,  , , ,  , , ,  , , ,  , , ,  , , , 
21, 284, 12.6578968606, 2, 0.184, 0.127, 41, 0.184, -0.127, -41,  , , ,  , , ,  , , ,  , , ,  , , ,  , , ,  , , ,  , , , 
21, 269, 16.634889585, 2, 0.184, 0.127, 41, 0.184, -0.127, -41,  , , ,  , , ,  , , ,  , , ,  , , ,  , , ,  , , ,  , , , 
21, 142, 16.864880389, 2, 0.184, 0.127, 41, 0.184, -0.127, -41,  , , ,  , , ,  , , ,  , , ,  , , ,  , , ,  , , ,  , , , 
21, 142, 16.864880389, 2, 0.184, 0.127, 41, 0.184, -0.127, -41,  , , ,  , , ,  , , ,  , , ,  , , ,  , , ,  , , ,  , , , 
21, 269, 16.634889585, 2, 0.184, 0.127, 41, 0.184, -0.127, -41,  , , ,  , , ,  , , ,  , , ,  , , ,  , , ,  , , ,  , , , 
21, 280, 12.6025075789, 2, 0.184, 0.127, 41, 0.184, -0.127, -41,  , , ,  , , ,  , , ,  , , ,  , , ,  , , ,  , , ,  , , , 
21, 214, 16.7076349653, 2, 0.184, 0.127, 41, 0.184, -0.127, -41,  , , ,  , , ,  , , ,  , , ,  , , ,  , , ,  , , ,  , , , 
21, 142, 16.864880389, 2, 0.184, 0.127, 41, 0.184, -0.127, -41,  , , ,  , , ,  , , ,  , , ,  , , ,  , , ,  , , ,  , , , 
21, 254, 16.8255217426, 2, 0.184, 0.127, 41, 0.184, -0.127, -41,  , , ,  , , ,  , , ,  , , ,  , , ,  , , ,  , , ,  , , , 
22, 287, 14.4988568027, 2, 0.032, 0.127, 41, 0.032, -0.127, -41,  , , ,  , , ,  , , ,  , , ,  , , ,  , , ,  , , ,  , , , 
22, 142, 16.864880389, 2, 0.184, 0.127, 41, 0.184, -0.127, -41,  , , ,  , , ,  , , ,  , , ,  , , ,  , , ,  , , ,  , , , 
22, 142, 16.864880389, 2, 0.184, 0.127, 41, 0.184, -0.127, -41,  , , ,  , , ,  , , ,  , , ,  , , ,  , , ,  , , ,  , , , 
22, 164, 16.9255500818, 2, 0.184, 0.127, 41, 0.184, -0.127, -41,  , , ,  , , ,  , , ,  , , ,  , , ,  , , ,  , , ,  , , , 
22, 142, 16.864880389, 2, 0.184, 0.127, 41, 0.184, -0.127, -41,  , , ,  , , ,  , , ,  , , ,  , , ,  , , ,  , , ,  , , , 
22, 241, 16.7494210756, 2, 0.184, 0.127, 41, 0.184, -0.127, -41,  , , ,  , , ,  , , ,  , , ,  , , ,  , , ,  , , ,  , , , 
22, 142, 16.864880389, 2, 0.184, 0.127, 41, 0.184, -0.127, -41,  , , ,  , , ,  , , ,  , , ,  , , ,  , , ,  , , ,  , , , 
22, 109, 16.7940654066, 2, 0.184, 0.127, 41, 0.184, -0.127, -41,  , , ,  , , ,  , , ,  , , ,  , , ,  , , ,  , , ,  , , , 
22, 142, 16.864880389, 2, 0.184, 0.127, 41, 0.184, -0.127, -41,  , , ,  , , ,  , , ,  , , ,  , , ,  , , ,  , , ,  , , , 
22, 214, 16.7076349653, 2, 0.184, 0.127, 41, 0.184, -0.127, -41,  , , ,  , , ,  , , ,  , , ,  , , ,  , , ,  , , ,  , , , 
22, 214, 16.7076349653, 2, 0.184, 0.127, 41, 0.184, -0.127, -41,  , , ,  , , ,  , , ,  , , ,  , , ,  , , ,  , , ,  , , , 
22, 214, 16.7076349653, 2, 0.184, 0.127, 41, 0.184, -0.127, -41,  , , ,  , , ,  , , ,  , , ,  , , ,  , , ,  , , ,  , , , 
22, 142, 16.864880389, 2, 0.184, 0.127, 41, 0.184, -0.127, -41,  , , ,  , , ,  , , ,  , , ,  , , ,  , , ,  , , ,  , , , 
22, 164, 16.9255500818, 2, 0.184, 0.127, 41, 0.184, -0.127, -41,  , , ,  , , ,  , , ,  , , ,  , , ,  , , ,  , , ,  , , , 
22, 142, 16.864880389, 2, 0.184, 0.127, 41, 0.184, -0.127, -41,  , , ,  , , ,  , , ,  , , ,  , , ,  , , ,  , , ,  , , , 
22, 164, 16.9255500818, 2, 0.184, 0.127, 41, 0.184, -0.127, -41,  , , ,  , , ,  , , ,  , , ,  , , ,  , , ,  , , ,  , , , 
22, 164, 16.9255500818, 2, 0.184, 0.127, 41, 0.184, -0.127, -41,  , , ,  , , ,  , , ,  , , ,  , , ,  , , ,  , , ,  , , , 
22, 142, 16.864880389, 2, 0.184, 0.127, 41, 0.184, -0.127, -41,  , , ,  , , ,  , , ,  , , ,  , , ,  , , ,  , , ,  , , , 
22, 142, 16.864880389, 2, 0.184, 0.127, 41, 0.184, -0.127, -41,  , , ,  , , ,  , , ,  , , ,  , , ,  , , ,  , , ,  , , , 
22, 109, 16.7940654066, 2, 0.184, 0.127, 41, 0.184, -0.127, -41,  , , ,  , , ,  , , ,  , , ,  , , ,  , , ,  , , ,  , , , 
22, 292, 13.7897683058, 2, 0.184, 0.127, 41, 0.184, -0.127, -41,  , , ,  , , ,  , , ,  , , ,  , , ,  , , ,  , , ,  , , , 
22, 142, 16.864880389, 2, 0.184, 0.127, 41, 0.184, -0.127, -41,  , , ,  , , ,  , , ,  , , ,  , , ,  , , ,  , , ,  , , , 
22, 142, 16.864880389, 2, 0.184, 0.127, 41, 0.184, -0.127, -41,  , , ,  , , ,  , , ,  , , ,  , , ,  , , ,  , , ,  , , , 
22, 241, 16.7494210756, 2, 0.184, 0.127, 41, 0.184, -0.127, -41,  , , ,  , , ,  , , ,  , , ,  , , ,  , , ,  , , ,  , , , 
22, 142, 16.864880389, 2, 0.184, 0.127, 41, 0.184, -0.127, -41,  , , ,  , , ,  , , ,  , , ,  , , ,  , , ,  , , ,  , , , 
22, 142, 16.864880389, 2, 0.184, 0.127, 41, 0.184, -0.127, -41,  , , ,  , , ,  , , ,  , , ,  , , ,  , , ,  , , ,  , , , 
22, 294, 13.777320501, 2, 0.184, 0.127, 41, 0.184, -0.127, -41,  , , ,  , , ,  , , ,  , , ,  , , ,  , , ,  , , ,  , , , 
22, 269, 16.634889585, 2, 0.184, 0.127, 41, 0.184, -0.127, -41,  , , ,  , , ,  , , ,  , , ,  , , ,  , , ,  , , ,  , , , 
22, 142, 16.864880389, 2, 0.184, 0.127, 41, 0.184, -0.127, -41,  , , ,  , , ,  , , ,  , , ,  , , ,  , , ,  , , ,  , , , 
22, 288, 13.0960547693, 4, 0.184, 0.127, 41, 0.134, -0.121, 62, 0.184, -0.127, -41, 0.134, 0.121, -62,  , , ,  , , ,  , , ,  , , ,  , , ,  , , , 
23, 296, 16.7875534957, 2, 0.184, 0.108, 41, 0.184, -0.107, -41,  , , ,  , , ,  , , ,  , , ,  , , ,  , , ,  , , ,  , , , 
23, 142, 16.864880389, 2, 0.184, 0.127, 41, 0.184, -0.127, -41,  , , ,  , , ,  , , ,  , , ,  , , ,  , , ,  , , ,  , , , 
23, 164, 16.9255500818, 2, 0.184, 0.127, 41, 0.184, -0.127, -41,  , , ,  , , ,  , , ,  , , ,  , , ,  , , ,  , , ,  , , , 
23, 164, 16.9255500818, 2, 0.184, 0.127, 41, 0.184, -0.127, -41,  , , ,  , , ,  , , ,  , , ,  , , ,  , , ,  , , ,  , , , 
23, 164, 16.9255500818, 2, 0.184, 0.127, 41, 0.184, -0.127, -41,  , , ,  , , ,  , , ,  , , ,  , , ,  , , ,  , , ,  , , , 
23, 164, 16.9255500818, 2, 0.184, 0.127, 41, 0.184, -0.127, -41,  , , ,  , , ,  , , ,  , , ,  , , ,  , , ,  , , ,  , , , 
23, 142, 16.864880389, 2, 0.184, 0.127, 41, 0.184, -0.127, -41,  , , ,  , , ,  , , ,  , , ,  , , ,  , , ,  , , ,  , , , 
23, 142, 16.864880389, 2, 0.184, 0.127, 41, 0.184, -0.127, -41,  , , ,  , , ,  , , ,  , , ,  , , ,  , , ,  , , ,  , , , 
23, 142, 16.864880389, 2, 0.184, 0.127, 41, 0.184, -0.127, -41,  , , ,  , , ,  , , ,  , , ,  , , ,  , , ,  , , ,  , , , 
23, 164, 16.9255500818, 2, 0.184, 0.127, 41, 0.184, -0.127, -41,  , , ,  , , ,  , , ,  , , ,  , , ,  , , ,  , , ,  , , , 
23, 142, 16.864880389, 2, 0.184, 0.127, 41, 0.184, -0.127, -41,  , , ,  , , ,  , , ,  , , ,  , , ,  , , ,  , , ,  , , , 
23, 164, 16.9255500818, 2, 0.184, 0.127, 41, 0.184, -0.127, -41,  , , ,  , , ,  , , ,  , , ,  , , ,  , , ,  , , ,  , , , 
23, 142, 16.864880389, 2, 0.184, 0.127, 41, 0.184, -0.127, -41,  , , ,  , , ,  , , ,  , , ,  , , ,  , , ,  , , ,  , , , 
23, 142, 16.864880389, 2, 0.184, 0.127, 41, 0.184, -0.127, -41,  , , ,  , , ,  , , ,  , , ,  , , ,  , , ,  , , ,  , , , 
23, 142, 16.864880389, 2, 0.184, 0.127, 41, 0.184, -0.127, -41,  , , ,  , , ,  , , ,  , , ,  , , ,  , , ,  , , ,  , , , 
23, 142, 16.864880389, 2, 0.184, 0.127, 41, 0.184, -0.127, -41,  , , ,  , , ,  , , ,  , , ,  , , ,  , , ,  , , ,  , , , 
23, 142, 16.864880389, 2, 0.184, 0.127, 41, 0.184, -0.127, -41,  , , ,  , , ,  , , ,  , , ,  , , ,  , , ,  , , ,  , , , 
23, 142, 16.864880389, 2, 0.184, 0.127, 41, 0.184, -0.127, -41,  , , ,  , , ,  , , ,  , , ,  , , ,  , , ,  , , ,  , , , 
23, 142, 16.864880389, 2, 0.184, 0.127, 41, 0.184, -0.127, -41,  , , ,  , , ,  , , ,  , , ,  , , ,  , , ,  , , ,  , , , 
23, 142, 16.864880389, 2, 0.184, 0.127, 41, 0.184, -0.127, -41,  , , ,  , , ,  , , ,  , , ,  , , ,  , , ,  , , ,  , , , 
23, 142, 16.864880389, 2, 0.184, 0.127, 41, 0.184, -0.127, -41,  , , ,  , , ,  , , ,  , , ,  , , ,  , , ,  , , ,  , , , 
23, 109, 16.7940654066, 2, 0.184, 0.127, 41, 0.184, -0.127, -41,  , , ,  , , ,  , , ,  , , ,  , , ,  , , ,  , , ,  , , , 
23, 142, 16.864880389, 2, 0.184, 0.127, 41, 0.184, -0.127, -41,  , , ,  , , ,  , , ,  , , ,  , , ,  , , ,  , , ,  , , , 
23, 294, 13.777320501, 2, 0.184, 0.127, 41, 0.184, -0.127, -41,  , , ,  , , ,  , , ,  , , ,  , , ,  , , ,  , , ,  , , , 
23, 142, 16.864880389, 2, 0.184, 0.127, 41, 0.184, -0.127, -41,  , , ,  , , ,  , , ,  , , ,  , , ,  , , ,  , , ,  , , , 
23, 142, 16.864880389, 2, 0.184, 0.127, 41, 0.184, -0.127, -41,  , , ,  , , ,  , , ,  , , ,  , , ,  , , ,  , , ,  , , , 
23, 142, 16.864880389, 2, 0.184, 0.127, 41, 0.184, -0.127, -41,  , , ,  , , ,  , , ,  , , ,  , , ,  , , ,  , , ,  , , , 
23, 142, 16.864880389, 2, 0.184, 0.127, 41, 0.184, -0.127, -41,  , , ,  , , ,  , , ,  , , ,  , , ,  , , ,  , , ,  , , , 
23, 241, 16.7494210756, 2, 0.184, 0.127, 41, 0.184, -0.127, -41,  , , ,  , , ,  , , ,  , , ,  , , ,  , , ,  , , ,  , , , 
23, 269, 16.634889585, 2, 0.184, 0.127, 41, 0.184, -0.127, -41,  , , ,  , , ,  , , ,  , , ,  , , ,  , , ,  , , ,  , , , 
24, 309, 15.9225849022, 4, 0.184, 0.127, 41, 0.203, -0.148, 43, 0.184, -0.127, -41, 0.203, 0.148, -43,  , , ,  , , ,  , , ,  , , ,  , , ,  , , , 
24, 269, 16.634889585, 2, 0.184, 0.127, 41, 0.184, -0.127, -41,  , , ,  , , ,  , , ,  , , ,  , , ,  , , ,  , , ,  , , , 
24, 142, 16.864880389, 2, 0.184, 0.127, 41, 0.184, -0.127, -41,  , , ,  , , ,  , , ,  , , ,  , , ,  , , ,  , , ,  , , , 
24, 315, 14.4559747973, 2, 0.184, 0.127, 41, 0.184, -0.127, -41,  , , ,  , , ,  , , ,  , , ,  , , ,  , , ,  , , ,  , , , 
24, 142, 16.864880389, 2, 0.184, 0.127, 41, 0.184, -0.127, -41,  , , ,  , , ,  , , ,  , , ,  , , ,  , , ,  , , ,  , , , 
24, 164, 16.9255500818, 2, 0.184, 0.127, 41, 0.184, -0.127, -41,  , , ,  , , ,  , , ,  , , ,  , , ,  , , ,  , , ,  , , , 
24, 142, 16.864880389, 2, 0.184, 0.127, 41, 0.184, -0.127, -41,  , , ,  , , ,  , , ,  , , ,  , , ,  , , ,  , , ,  , , , 
24, 142, 16.864880389, 2, 0.184, 0.127, 41, 0.184, -0.127, -41,  , , ,  , , ,  , , ,  , , ,  , , ,  , , ,  , , ,  , , , 
24, 164, 16.9255500818, 2, 0.184, 0.127, 41, 0.184, -0.127, -41,  , , ,  , , ,  , , ,  , , ,  , , ,  , , ,  , , ,  , , , 
24, 320, 13.7936525905, 2, 0.184, 0.127, 41, 0.184, -0.127, -41,  , , ,  , , ,  , , ,  , , ,  , , ,  , , ,  , , ,  , , , 
24, 313, 13.7786216246, 2, 0.184, 0.127, 41, 0.184, -0.127, -41,  , , ,  , , ,  , , ,  , , ,  , , ,  , , ,  , , ,  , , , 
24, 142, 16.864880389, 2, 0.184, 0.127, 41, 0.184, -0.127, -41,  , , ,  , , ,  , , ,  , , ,  , , ,  , , ,  , , ,  , , , 
24, 142, 16.864880389, 2, 0.184, 0.127, 41, 0.184, -0.127, -41,  , , ,  , , ,  , , ,  , , ,  , , ,  , , ,  , , ,  , , , 
24, 318, 13.7898806066, 2, 0.184, 0.127, 41, 0.184, -0.127, -41,  , , ,  , , ,  , , ,  , , ,  , , ,  , , ,  , , ,  , , , 
24, 296, 16.7875534957, 2, 0.184, 0.108, 41, 0.184, -0.107, -41,  , , ,  , , ,  , , ,  , , ,  , , ,  , , ,  , , ,  , , , 
24, 142, 16.864880389, 2, 0.184, 0.127, 41, 0.184, -0.127, -41,  , , ,  , , ,  , , ,  , , ,  , , ,  , , ,  , , ,  , , , 
24, 164, 16.9255500818, 2, 0.184, 0.127, 41, 0.184, -0.127, -41,  , , ,  , , ,  , , ,  , , ,  , , ,  , , ,  , , ,  , , , 
24, 164, 16.9255500818, 2, 0.184, 0.127, 41, 0.184, -0.127, -41,  , , ,  , , ,  , , ,  , , ,  , , ,  , , ,  , , ,  , , , 
24, 109, 16.7940654066, 2, 0.184, 0.127, 41, 0.184, -0.127, -41,  , , ,  , , ,  , , ,  , , ,  , , ,  , , ,  , , ,  , , , 
24, 142, 16.864880389, 2, 0.184, 0.127, 41, 0.184, -0.127, -41,  , , ,  , , ,  , , ,  , , ,  , , ,  , , ,  , , ,  , , , 
24, 315, 14.4559747973, 2, 0.184, 0.127, 41, 0.184, -0.127, -41,  , , ,  , , ,  , , ,  , , ,  , , ,  , , ,  , , ,  , , , 
24, 164, 16.9255500818, 2, 0.184, 0.127, 41, 0.184, -0.127, -41,  , , ,  , , ,  , , ,  , , ,  , , ,  , , ,  , , ,  , , , 
24, 142, 16.864880389, 2, 0.184, 0.127, 41, 0.184, -0.127, -41,  , , ,  , , ,  , , ,  , , ,  , , ,  , , ,  , , ,  , , , 
24, 164, 16.9255500818, 2, 0.184, 0.127, 41, 0.184, -0.127, -41,  , , ,  , , ,  , , ,  , , ,  , , ,  , , ,  , , ,  , , , 
24, 142, 16.864880389, 2, 0.184, 0.127, 41, 0.184, -0.127, -41,  , , ,  , , ,  , , ,  , , ,  , , ,  , , ,  , , ,  , , , 
24, 142, 16.864880389, 2, 0.184, 0.127, 41, 0.184, -0.127, -41,  , , ,  , , ,  , , ,  , , ,  , , ,  , , ,  , , ,  , , , 
24, 164, 16.9255500818, 2, 0.184, 0.127, 41, 0.184, -0.127, -41,  , , ,  , , ,  , , ,  , , ,  , , ,  , , ,  , , ,  , , , 
24, 142, 16.864880389, 2, 0.184, 0.127, 41, 0.184, -0.127, -41,  , , ,  , , ,  , , ,  , , ,  , , ,  , , ,  , , ,  , , , 
24, 142, 16.864880389, 2, 0.184, 0.127, 41, 0.184, -0.127, -41,  , , ,  , , ,  , , ,  , , ,  , , ,  , , ,  , , ,  , , , 
24, 142, 16.864880389, 2, 0.184, 0.127, 41, 0.184, -0.127, -41,  , , ,  , , ,  , , ,  , , ,  , , ,  , , ,  , , ,  , , , 
