*****Sonar Placement GA Expirement*****
Start Time: 2017-10-24 16:57:53.048941
Rand_seed:3
End Time: 
Running Time: 
Population size:40
Generation Count:60
Mutation Probability:0.15
Cross Over Probability:0.25
***** Constraints *****
Max Number of Sensors: 2
X Position: [0, 0.25]
Y Position: [-0.15, 0.15]
Z Orient: [-90, 90]
*****************************
Generation, ID, Fitness, Number of Sonar, S1_P_X, S1_P_Y, S1_O, S2_P_X, S2_P_Y, S2_O, Raw Fitness
0, 0, 12.3010562724, 2, 0.25, -0.1, -20, 0.25, 0.1, 20, 0.394027777778, 100.0, -1.0, 0.0, 0.165222222222, 100.0, 
0, 1, 4.15420208804, 2, 0.059, 0.013, -24.0, 0.151, 0.038, -79.0, -1.0, 4.60279970407, -1.0, 0.0, -1.0, 43.5279595567, 
0, 2, 12.5375588026, 2, 0.003, 0.101, -44.0, 0.059, 0.149, -5.0, 0.357342592593, 100.0, -1.0, 0.0, 0.301990740741, 100.0, 
0, 3, 5.16876685221, 2, 0.209, -0.007, 25.0, 0.038, 0.04, 67.0, -1.0, 43.1667455122, -1.0, 3.45659986547, -1.0, 43.1351928977, 
0, 4, 5.10126414067, 2, 0.131, 0.072, 31.0, 0.016, 0.077, 16.0, -1.0, 43.1876249871, -1.0, 0.0, -1.0, 43.2129374646, 
0, 5, 5.1889128457, 2, 0.075, -0.141, 66.0, 0.118, 0.066, 69.0, -1.0, 43.2142209531, -1.0, 4.26362403203, -1.0, 43.2058381404, 
0, 6, 8.9392346634, 2, 0.179, 0.126, -19.0, 0.2, -0.017, 79.0, 0.362833333333, 100.0, -1.0, 0.0, -1.0, 44.2885986126, 
0, 7, 9.8978162798, 2, 0.22, -0.121, -66.0, 0.054, 0.14, -12.0, -1.0, 82.1671981592, -1.0, 0.0, 0.256712962963, 100.0, 
0, 8, 9.3553069708, 2, 0.157, -0.06, 1.0, 0.096, -0.045, 15.0, -3.0, 63.0674820388, -1.0, 3.26205407187, 0.276675925926, 100.0, 
0, 9, 5.17451360857, 2, 0.146, 0.121, 33.0, 0.232, 0.107, 89.0, -1.0, 43.1425463854, -1.0, 3.70144410997, -1.0, 43.1829528594, 
0, 10, 5.10026200101, 2, 0.168, -0.101, 65.0, 0.241, 0.121, 13.0, -1.0, 43.1686116328, -1.0, 0.0, -1.0, 43.1969575559, 
0, 11, 4.24001704458, 2, 0.178, -0.087, 60.0, 0.143, -0.065, -79.0, -1.0, 5.04744222686, -1.0, 4.00035058529, -1.0, 43.3496857533, 
0, 12, 11.696504839, 2, 0.213, 0.147, -74.0, 0.2, -0.027, -63.0, -1.0, 82.2045593446, -1.0, 60.0, 0.347833333333, 100.0, 
0, 13, 4.23532885145, 2, 0.073, 0.081, 67.0, 0.011, 0.034, -82.0, -1.0, 4.97215319471, -1.0, 4.21408870838, -1.0, 43.085845851, 
0, 14, 5.18709458575, 2, 0.18, -0.051, 69.0, 0.245, 0.002, 90.0, -1.0, 43.1193782532, -1.0, 4.25653400607, -1.0, 43.2423280423, 
0, 15, 4.14089511991, 2, 0.077, -0.127, 18.0, 0.008, -0.091, -17.0, -1.0, 4.35517913998, -1.0, 0.0, -1.0, 43.2443638882, 
0, 16, 8.22825390571, 2, 0.153, -0.103, -83.0, 0.217, -0.056, 83.0, -1.0, 81.7670357274, -1.0, 43.541664131, -3.0, 69.23083182, 
0, 17, 16.599940724, 2, 0.224, -0.037, -7.0, 0.13, 0.043, 17.0, 0.380185185185, 100.0, 0.164425925926, 100.0, 0.157212962963, 100.0, 
0, 18, 5.10297558901, 2, 0.14, 0.036, 80.0, 0.127, -0.021, 40.0, -1.0, 43.2061001942, -1.0, 0.0, -1.0, 43.2542102601, 
0, 19, 4.16059689924, 2, 0.059, -0.06, 86.0, 0.13, 0.015, -88.0, -1.0, 4.98434556177, -1.0, 0.0, -1.0, 43.4721442628, 
0, 20, 5.93172496427, 2, 0.104, 0.024, -87.0, 0.154, 0.04, -80.0, -1.0, 43.2228080224, -1.0, 5.14137265775, -1.0, 66.5826181225, 
0, 21, 5.174179877, 2, 0.157, -0.01, 32.0, 0.088, 0.062, 43.0, -1.0, 43.2201298835, -1.0, 3.55865888972, -1.0, 43.1970577041, 
0, 22, 5.09966920058, 2, 0.006, -0.132, 32.0, 0.241, -0.075, -8.0, -1.0, 43.2050494518, -1.0, 0.0, -1.0, 43.1398121325, 
0, 23, 12.9456244775, 2, 0.148, -0.054, -25.0, 0.078, -0.039, 17.0, 0.397555555556, 100.0, -1.0, 0.0, 0.411546296296, 100.0, 
0, 24, 5.18025536562, 2, 0.075, -0.037, 49.0, 0.007, 0.021, 43.0, -1.0, 43.2135941626, -1.0, 3.80712962328, -1.0, 43.2358193423, 
0, 25, 5.10065159821, 2, 0.078, -0.083, 55.0, 0.06, -0.094, -12.0, -1.0, 43.1743676484, -1.0, 0.0, -1.0, 43.2048058921, 
0, 26, 11.6275226066, 2, 0.175, -0.119, -32.0, 0.083, 0.1, -11.0, 0.282444444444, 100.0, -3.0, 82.0384221464, -1.0, 63.3725845971, 
0, 27, 11.9366920954, 2, 0.214, -0.099, -30.0, 0.163, 0.115, -9.0, 0.387101851852, 100.0, -3.0, 82.7451095567, -1.0, 63.4950470599, 
0, 28, 12.4340077787, 2, 0.056, -0.114, 5.0, 0.048, 0.092, 61.0, 0.338925925926, 100.0, -1.0, 1.70085377464, 0.267666666667, 100.0, 
0, 29, 4.13449272658, 2, 0.046, -0.066, 56.0, 0.16, 0.092, -28.0, -1.0, 4.17514849982, -1.0, 0.0, -1.0, 43.151897301, 
0, 30, 5.09982950544, 2, 0.032, -0.062, 53.0, 0.068, -0.046, -15.0, -1.0, 43.2255922205, -1.0, 0.0, -1.0, 43.1248573361, 
0, 31, 5.18946054069, 2, 0.105, -0.027, 76.0, 0.039, -0.149, 80.0, -1.0, 43.1576128286, -1.0, 4.38079573282, -1.0, 43.1962037847, 
0, 32, 4.32395146239, 2, 0.22, 0.146, -12.0, 0.238, 0.128, -50.0, -1.0, 5.12205935192, -1.0, 7.34893253596, -1.0, 43.7535180261, 
0, 33, 4.14956766265, 2, 0.186, 0.101, 30.0, 0.13, -0.063, -29.0, -1.0, 4.62101928345, -1.0, 0.0, -1.0, 43.3531267556, 
0, 34, 4.17689328616, 2, 0.057, -0.13, 16.0, 0.072, 0.093, -82.0, -1.0, 4.79957933514, -1.0, 0.0, -1.0, 44.1734408022, 
0, 35, 5.10068754073, 2, 0.226, 0.058, 77.0, 0.224, 0.12, 14.0, -1.0, 43.1642999052, -1.0, 0.0, -1.0, 43.2161256283, 
0, 36, 13.5891719903, 2, 0.003, 0.074, -59.0, 0.075, 0.049, 5.0, 0.319953703704, 100.0, -3.0, 41.2900090513, 0.36037037037, 100.0, 
0, 37, 5.17104091989, 2, 0.103, 0.132, 20.0, 0.085, -0.074, 65.0, -1.0, 43.2083251715, -1.0, 3.54051439799, -1.0, 43.1123568342, 
0, 38, 11.8842339883, 2, 0.119, 0.085, -27.0, 0.049, 0.01, 57.0, 0.375083333333, 100.0, -3.0, 82.4456403648, -1.0, 63.2402721716, 
0, 39, 4.15428487455, 2, 0.043, 0.088, 76.0, 0.202, 0.097, -89.0, -1.0, 4.89899328373, -1.0, 0.0, -1.0, 43.3145141063, 
1, 17, 16.599940724, 2, 0.224, -0.037, -7.0, 0.13, 0.043, 17.0, 0.380185185185, 100.0, 0.164425925926, 100.0, 0.157212962963, 100.0, 
1, 25, 5.10065159821, 2, 0.078, -0.083, 55.0, 0.06, -0.094, -12.0, -1.0, 43.1743676484, -1.0, 0.0, -1.0, 43.2048058921, 
1, 10, 5.10026200101, 2, 0.168, -0.101, 65.0, 0.241, 0.121, 13.0, -1.0, 43.1686116328, -1.0, 0.0, -1.0, 43.1969575559, 
1, 21, 5.174179877, 2, 0.157, -0.01, 32.0, 0.088, 0.062, 43.0, -1.0, 43.2201298835, -1.0, 3.55865888972, -1.0, 43.1970577041, 
1, 16, 8.22825390571, 2, 0.153, -0.103, -83.0, 0.217, -0.056, 83.0, -1.0, 81.7670357274, -1.0, 43.541664131, -3.0, 69.23083182, 
1, 0, 12.3010562724, 2, 0.25, -0.1, -20, 0.25, 0.1, 20, 0.394027777778, 100.0, -1.0, 0.0, 0.165222222222, 100.0, 
1, 2, 12.5375588026, 2, 0.003, 0.101, -44.0, 0.059, 0.149, -5.0, 0.357342592593, 100.0, -1.0, 0.0, 0.301990740741, 100.0, 
1, 2, 12.5375588026, 2, 0.003, 0.101, -44.0, 0.059, 0.149, -5.0, 0.357342592593, 100.0, -1.0, 0.0, 0.301990740741, 100.0, 
1, 38, 11.8842339883, 2, 0.119, 0.085, -27.0, 0.049, 0.01, 57.0, 0.375083333333, 100.0, -3.0, 82.4456403648, -1.0, 63.2402721716, 
1, 20, 5.93172496427, 2, 0.104, 0.024, -87.0, 0.154, 0.04, -80.0, -1.0, 43.2228080224, -1.0, 5.14137265775, -1.0, 66.5826181225, 
1, 12, 11.696504839, 2, 0.213, 0.147, -74.0, 0.2, -0.027, -63.0, -1.0, 82.2045593446, -1.0, 60.0, 0.347833333333, 100.0, 
1, 23, 12.9456244775, 2, 0.148, -0.054, -25.0, 0.078, -0.039, 17.0, 0.397555555556, 100.0, -1.0, 0.0, 0.411546296296, 100.0, 
1, 7, 9.8978162798, 2, 0.22, -0.121, -66.0, 0.054, 0.14, -12.0, -1.0, 82.1671981592, -1.0, 0.0, 0.256712962963, 100.0, 
1, 4, 5.10126414067, 2, 0.131, 0.072, 31.0, 0.016, 0.077, 16.0, -1.0, 43.1876249871, -1.0, 0.0, -1.0, 43.2129374646, 
1, 28, 12.4340077787, 2, 0.056, -0.114, 5.0, 0.048, 0.092, 61.0, 0.338925925926, 100.0, -1.0, 1.70085377464, 0.267666666667, 100.0, 
1, 3, 5.16876685221, 2, 0.209, -0.007, 25.0, 0.038, 0.04, 67.0, -1.0, 43.1667455122, -1.0, 3.45659986547, -1.0, 43.1351928977, 
1, 7, 9.8978162798, 2, 0.22, -0.121, -66.0, 0.054, 0.14, -12.0, -1.0, 82.1671981592, -1.0, 0.0, 0.256712962963, 100.0, 
1, 31, 5.18946054069, 2, 0.105, -0.027, 76.0, 0.039, -0.149, 80.0, -1.0, 43.1576128286, -1.0, 4.38079573282, -1.0, 43.1962037847, 
1, 32, 4.32395146239, 2, 0.22, 0.146, -12.0, 0.238, 0.128, -50.0, -1.0, 5.12205935192, -1.0, 7.34893253596, -1.0, 43.7535180261, 
1, 17, 16.599940724, 2, 0.224, -0.037, -7.0, 0.13, 0.043, 17.0, 0.380185185185, 100.0, 0.164425925926, 100.0, 0.157212962963, 100.0, 
1, 14, 5.18709458575, 2, 0.18, -0.051, 69.0, 0.245, 0.002, 90.0, -1.0, 43.1193782532, -1.0, 4.25653400607, -1.0, 43.2423280423, 
1, 28, 12.4340077787, 2, 0.056, -0.114, 5.0, 0.048, 0.092, 61.0, 0.338925925926, 100.0, -1.0, 1.70085377464, 0.267666666667, 100.0, 
1, 27, 11.9366920954, 2, 0.214, -0.099, -30.0, 0.163, 0.115, -9.0, 0.387101851852, 100.0, -3.0, 82.7451095567, -1.0, 63.4950470599, 
1, 9, 5.17451360857, 2, 0.146, 0.121, 33.0, 0.232, 0.107, 89.0, -1.0, 43.1425463854, -1.0, 3.70144410997, -1.0, 43.1829528594, 
1, 2, 12.5375588026, 2, 0.003, 0.101, -44.0, 0.059, 0.149, -5.0, 0.357342592593, 100.0, -1.0, 0.0, 0.301990740741, 100.0, 
1, 17, 16.599940724, 2, 0.224, -0.037, -7.0, 0.13, 0.043, 17.0, 0.380185185185, 100.0, 0.164425925926, 100.0, 0.157212962963, 100.0, 
1, 37, 5.17104091989, 2, 0.103, 0.132, 20.0, 0.085, -0.074, 65.0, -1.0, 43.2083251715, -1.0, 3.54051439799, -1.0, 43.1123568342, 
1, 14, 5.18709458575, 2, 0.18, -0.051, 69.0, 0.245, 0.002, 90.0, -1.0, 43.1193782532, -1.0, 4.25653400607, -1.0, 43.2423280423, 
1, 31, 5.18946054069, 2, 0.105, -0.027, 76.0, 0.039, -0.149, 80.0, -1.0, 43.1576128286, -1.0, 4.38079573282, -1.0, 43.1962037847, 
1, 18, 5.10297558901, 2, 0.14, 0.036, 80.0, 0.127, -0.021, 40.0, -1.0, 43.2061001942, -1.0, 0.0, -1.0, 43.2542102601, 
1, 26, 11.6275226066, 2, 0.175, -0.119, -32.0, 0.083, 0.1, -11.0, 0.282444444444, 100.0, -3.0, 82.0384221464, -1.0, 63.3725845971, 
1, 31, 5.18946054069, 2, 0.105, -0.027, 76.0, 0.039, -0.149, 80.0, -1.0, 43.1576128286, -1.0, 4.38079573282, -1.0, 43.1962037847, 
1, 26, 11.6275226066, 2, 0.175, -0.119, -32.0, 0.083, 0.1, -11.0, 0.282444444444, 100.0, -3.0, 82.0384221464, -1.0, 63.3725845971, 
1, 4, 5.10126414067, 2, 0.131, 0.072, 31.0, 0.016, 0.077, 16.0, -1.0, 43.1876249871, -1.0, 0.0, -1.0, 43.2129374646, 
1, 23, 12.9456244775, 2, 0.148, -0.054, -25.0, 0.078, -0.039, 17.0, 0.397555555556, 100.0, -1.0, 0.0, 0.411546296296, 100.0, 
1, 5, 5.1889128457, 2, 0.075, -0.141, 66.0, 0.118, 0.066, 69.0, -1.0, 43.2142209531, -1.0, 4.26362403203, -1.0, 43.2058381404, 
1, 3, 5.16876685221, 2, 0.209, -0.007, 25.0, 0.038, 0.04, 67.0, -1.0, 43.1667455122, -1.0, 3.45659986547, -1.0, 43.1351928977, 
1, 3, 5.16876685221, 2, 0.209, -0.007, 25.0, 0.038, 0.04, 67.0, -1.0, 43.1667455122, -1.0, 3.45659986547, -1.0, 43.1351928977, 
1, 0, 12.3010562724, 2, 0.25, -0.1, -20, 0.25, 0.1, 20, 0.394027777778, 100.0, -1.0, 0.0, 0.165222222222, 100.0, 
1, 4, 5.10126414067, 2, 0.131, 0.072, 31.0, 0.016, 0.077, 16.0, -1.0, 43.1876249871, -1.0, 0.0, -1.0, 43.2129374646, 
2, 43, 14.2141092203, 2, 0.214, -0.099, -30.0, 0.016, 0.077, 16.0, 0.383287037037, 100.0, -3.0, 63.0309565545, 0.281685185185, 100.0, 
2, 16, 8.22825390571, 2, 0.153, -0.103, -83.0, 0.217, -0.056, 83.0, -1.0, 81.7670357274, -1.0, 43.541664131, -3.0, 69.23083182, 
2, 17, 16.599940724, 2, 0.224, -0.037, -7.0, 0.13, 0.043, 17.0, 0.380185185185, 100.0, 0.164425925926, 100.0, 0.157212962963, 100.0, 
2, 0, 12.3010562724, 2, 0.25, -0.1, -20, 0.25, 0.1, 20, 0.394027777778, 100.0, -1.0, 0.0, 0.165222222222, 100.0, 
2, 23, 12.9456244775, 2, 0.148, -0.054, -25.0, 0.078, -0.039, 17.0, 0.397555555556, 100.0, -1.0, 0.0, 0.411546296296, 100.0, 
2, 41, 5.18498358605, 2, 0.075, -0.141, 66.0, 0.073, 0.066, 69.0, -1.0, 43.1521765483, -1.0, 4.21309708645, -1.0, 43.1674565172, 
2, 0, 12.3010562724, 2, 0.25, -0.1, -20, 0.25, 0.1, 20, 0.394027777778, 100.0, -1.0, 0.0, 0.165222222222, 100.0, 
2, 23, 12.9456244775, 2, 0.148, -0.054, -25.0, 0.078, -0.039, 17.0, 0.397555555556, 100.0, -1.0, 0.0, 0.411546296296, 100.0, 
2, 17, 16.599940724, 2, 0.224, -0.037, -7.0, 0.13, 0.043, 17.0, 0.380185185185, 100.0, 0.164425925926, 100.0, 0.157212962963, 100.0, 
2, 31, 5.18946054069, 2, 0.105, -0.027, 76.0, 0.039, -0.149, 80.0, -1.0, 43.1576128286, -1.0, 4.38079573282, -1.0, 43.1962037847, 
2, 23, 12.9456244775, 2, 0.148, -0.054, -25.0, 0.078, -0.039, 17.0, 0.397555555556, 100.0, -1.0, 0.0, 0.411546296296, 100.0, 
2, 26, 11.6275226066, 2, 0.175, -0.119, -32.0, 0.083, 0.1, -11.0, 0.282444444444, 100.0, -3.0, 82.0384221464, -1.0, 63.3725845971, 
2, 26, 11.6275226066, 2, 0.175, -0.119, -32.0, 0.083, 0.1, -11.0, 0.282444444444, 100.0, -3.0, 82.0384221464, -1.0, 63.3725845971, 
2, 45, 10.8840886919, 2, 0.056, -0.114, 5.0, 0.039, -0.149, 80.0, -1.0, 62.7516769679, -3.0, 62.4625222177, 0.263277777778, 100.0, 
2, 2, 12.5375588026, 2, 0.003, 0.101, -44.0, 0.059, 0.149, -5.0, 0.357342592593, 100.0, -1.0, 0.0, 0.301990740741, 100.0, 
2, 2, 12.5375588026, 2, 0.003, 0.101, -44.0, 0.059, 0.149, -5.0, 0.357342592593, 100.0, -1.0, 0.0, 0.301990740741, 100.0, 
2, 26, 11.6275226066, 2, 0.175, -0.119, -32.0, 0.083, 0.1, -11.0, 0.282444444444, 100.0, -3.0, 82.0384221464, -1.0, 63.3725845971, 
2, 31, 5.18946054069, 2, 0.105, -0.027, 76.0, 0.039, -0.149, 80.0, -1.0, 43.1576128286, -1.0, 4.38079573282, -1.0, 43.1962037847, 
2, 9, 5.17451360857, 2, 0.146, 0.121, 33.0, 0.232, 0.107, 89.0, -1.0, 43.1425463854, -1.0, 3.70144410997, -1.0, 43.1829528594, 
2, 38, 11.8842339883, 2, 0.119, 0.085, -27.0, 0.049, 0.01, 57.0, 0.375083333333, 100.0, -3.0, 82.4456403648, -1.0, 63.2402721716, 
2, 0, 12.3010562724, 2, 0.25, -0.1, -20, 0.25, 0.1, 20, 0.394027777778, 100.0, -1.0, 0.0, 0.165222222222, 100.0, 
2, 14, 5.18709458575, 2, 0.18, -0.051, 69.0, 0.245, 0.002, 90.0, -1.0, 43.1193782532, -1.0, 4.25653400607, -1.0, 43.2423280423, 
2, 4, 5.10126414067, 2, 0.131, 0.072, 31.0, 0.016, 0.077, 16.0, -1.0, 43.1876249871, -1.0, 0.0, -1.0, 43.2129374646, 
2, 17, 16.599940724, 2, 0.224, -0.037, -7.0, 0.13, 0.043, 17.0, 0.380185185185, 100.0, 0.164425925926, 100.0, 0.157212962963, 100.0, 
2, 17, 16.599940724, 2, 0.224, -0.037, -7.0, 0.13, 0.043, 17.0, 0.380185185185, 100.0, 0.164425925926, 100.0, 0.157212962963, 100.0, 
2, 7, 9.8978162798, 2, 0.22, -0.121, -66.0, 0.054, 0.14, -12.0, -1.0, 82.1671981592, -1.0, 0.0, 0.256712962963, 100.0, 
2, 7, 9.8978162798, 2, 0.22, -0.121, -66.0, 0.054, 0.14, -12.0, -1.0, 82.1671981592, -1.0, 0.0, 0.256712962963, 100.0, 
2, 14, 5.18709458575, 2, 0.18, -0.051, 69.0, 0.245, 0.002, 90.0, -1.0, 43.1193782532, -1.0, 4.25653400607, -1.0, 43.2423280423, 
2, 31, 5.18946054069, 2, 0.105, -0.027, 76.0, 0.039, -0.149, 80.0, -1.0, 43.1576128286, -1.0, 4.38079573282, -1.0, 43.1962037847, 
2, 43, 14.2141092203, 2, 0.214, -0.099, -30.0, 0.016, 0.077, 16.0, 0.383287037037, 100.0, -3.0, 63.0309565545, 0.281685185185, 100.0, 
2, 0, 12.3010562724, 2, 0.25, -0.1, -20, 0.25, 0.1, 20, 0.394027777778, 100.0, -1.0, 0.0, 0.165222222222, 100.0, 
2, 0, 12.3010562724, 2, 0.25, -0.1, -20, 0.25, 0.1, 20, 0.394027777778, 100.0, -1.0, 0.0, 0.165222222222, 100.0, 
2, 20, 5.93172496427, 2, 0.104, 0.024, -87.0, 0.154, 0.04, -80.0, -1.0, 43.2228080224, -1.0, 5.14137265775, -1.0, 66.5826181225, 
2, 28, 12.4340077787, 2, 0.056, -0.114, 5.0, 0.048, 0.092, 61.0, 0.338925925926, 100.0, -1.0, 1.70085377464, 0.267666666667, 100.0, 
2, 41, 5.18498358605, 2, 0.075, -0.141, 66.0, 0.073, 0.066, 69.0, -1.0, 43.1521765483, -1.0, 4.21309708645, -1.0, 43.1674565172, 
2, 0, 12.3010562724, 2, 0.25, -0.1, -20, 0.25, 0.1, 20, 0.394027777778, 100.0, -1.0, 0.0, 0.165222222222, 100.0, 
2, 2, 12.5375588026, 2, 0.003, 0.101, -44.0, 0.059, 0.149, -5.0, 0.357342592593, 100.0, -1.0, 0.0, 0.301990740741, 100.0, 
2, 20, 5.93172496427, 2, 0.104, 0.024, -87.0, 0.154, 0.04, -80.0, -1.0, 43.2228080224, -1.0, 5.14137265775, -1.0, 66.5826181225, 
2, 12, 11.696504839, 2, 0.213, 0.147, -74.0, 0.2, -0.027, -63.0, -1.0, 82.2045593446, -1.0, 60.0, 0.347833333333, 100.0, 
2, 7, 9.8978162798, 2, 0.22, -0.121, -66.0, 0.054, 0.14, -12.0, -1.0, 82.1671981592, -1.0, 0.0, 0.256712962963, 100.0, 
3, 54, 14.5311453692, 2, 0.224, -0.142, -7.0, 0.13, 0.043, 17.0, 0.330638888889, 100.0, -3.0, 82.5658635328, 0.194787037037, 100.0, 
3, 23, 12.9456244775, 2, 0.148, -0.054, -25.0, 0.078, -0.039, 17.0, 0.397555555556, 100.0, -1.0, 0.0, 0.411546296296, 100.0, 
3, 0, 12.3010562724, 2, 0.25, -0.1, -20, 0.25, 0.1, 20, 0.394027777778, 100.0, -1.0, 0.0, 0.165222222222, 100.0, 
3, 14, 5.18709458575, 2, 0.18, -0.051, 69.0, 0.245, 0.002, 90.0, -1.0, 43.1193782532, -1.0, 4.25653400607, -1.0, 43.2423280423, 
3, 12, 11.696504839, 2, 0.213, 0.147, -74.0, 0.2, -0.027, -63.0, -1.0, 82.2045593446, -1.0, 60.0, 0.347833333333, 100.0, 
3, 52, 14.1631877256, 2, 0.123, -0.1, -20, 0.25, 0.1, 20, 0.38937037037, 100.0, -3.0, 62.4356479056, 0.262657407407, 100.0, 
3, 52, 14.1631877256, 2, 0.123, -0.1, -20, 0.25, 0.1, 20, 0.38937037037, 100.0, -3.0, 62.4356479056, 0.262657407407, 100.0, 
3, 0, 12.3010562724, 2, 0.25, -0.1, -20, 0.25, 0.1, 20, 0.394027777778, 100.0, -1.0, 0.0, 0.165222222222, 100.0, 
3, 17, 16.599940724, 2, 0.224, -0.037, -7.0, 0.13, 0.043, 17.0, 0.380185185185, 100.0, 0.164425925926, 100.0, 0.157212962963, 100.0, 
3, 54, 14.5311453692, 2, 0.224, -0.142, -7.0, 0.13, 0.043, 17.0, 0.330638888889, 100.0, -3.0, 82.5658635328, 0.194787037037, 100.0, 
3, 2, 12.5375588026, 2, 0.003, 0.101, -44.0, 0.059, 0.149, -5.0, 0.357342592593, 100.0, -1.0, 0.0, 0.301990740741, 100.0, 
3, 51, 6.3651518884, 2, 0.056, -0.114, 5.0, 0.036, -0.149, 80.0, -1.0, 62.8819544129, -1.0, 0.0, -1.0, 64.6845099292, 
3, 28, 12.4340077787, 2, 0.056, -0.114, 5.0, 0.048, 0.092, 61.0, 0.338925925926, 100.0, -1.0, 1.70085377464, 0.267666666667, 100.0, 
3, 14, 5.18709458575, 2, 0.18, -0.051, 69.0, 0.245, 0.002, 90.0, -1.0, 43.1193782532, -1.0, 4.25653400607, -1.0, 43.2423280423, 
3, 17, 16.599940724, 2, 0.224, -0.037, -7.0, 0.13, 0.043, 17.0, 0.380185185185, 100.0, 0.164425925926, 100.0, 0.157212962963, 100.0, 
3, 7, 9.8978162798, 2, 0.22, -0.121, -66.0, 0.054, 0.14, -12.0, -1.0, 82.1671981592, -1.0, 0.0, 0.256712962963, 100.0, 
3, 20, 5.93172496427, 2, 0.104, 0.024, -87.0, 0.154, 0.04, -80.0, -1.0, 43.2228080224, -1.0, 5.14137265775, -1.0, 66.5826181225, 
3, 45, 10.8840886919, 2, 0.056, -0.114, 5.0, 0.039, -0.149, 80.0, -1.0, 62.7516769679, -3.0, 62.4625222177, 0.263277777778, 100.0, 
3, 0, 12.3010562724, 2, 0.25, -0.1, -20, 0.25, 0.1, 20, 0.394027777778, 100.0, -1.0, 0.0, 0.165222222222, 100.0, 
3, 59, 11.3566828737, 2, 0.148, -0.054, -25.0, 0.225, 0.002, 90.0, -1.0, 64.7387417363, -1.0, 82.1548571989, 0.150981481481, 100.0, 
3, 7, 9.8978162798, 2, 0.22, -0.121, -66.0, 0.054, 0.14, -12.0, -1.0, 82.1671981592, -1.0, 0.0, 0.256712962963, 100.0, 
3, 52, 14.1631877256, 2, 0.123, -0.1, -20, 0.25, 0.1, 20, 0.38937037037, 100.0, -3.0, 62.4356479056, 0.262657407407, 100.0, 
3, 23, 12.9456244775, 2, 0.148, -0.054, -25.0, 0.078, -0.039, 17.0, 0.397555555556, 100.0, -1.0, 0.0, 0.411546296296, 100.0, 
3, 64, 5.17625435832, 2, 0.102, -0.051, 69.0, 0.048, 0.092, 61.0, -1.0, 43.2026397493, -1.0, 3.75299407079, -1.0, 43.14630199, 
3, 0, 12.3010562724, 2, 0.25, -0.1, -20, 0.25, 0.1, 20, 0.394027777778, 100.0, -1.0, 0.0, 0.165222222222, 100.0, 
3, 23, 12.9456244775, 2, 0.148, -0.054, -25.0, 0.078, -0.039, 17.0, 0.397555555556, 100.0, -1.0, 0.0, 0.411546296296, 100.0, 
3, 2, 12.5375588026, 2, 0.003, 0.101, -44.0, 0.059, 0.149, -5.0, 0.357342592593, 100.0, -1.0, 0.0, 0.301990740741, 100.0, 
3, 17, 16.599940724, 2, 0.224, -0.037, -7.0, 0.13, 0.043, 17.0, 0.380185185185, 100.0, 0.164425925926, 100.0, 0.157212962963, 100.0, 
3, 2, 12.5375588026, 2, 0.003, 0.101, -44.0, 0.059, 0.149, -5.0, 0.357342592593, 100.0, -1.0, 0.0, 0.301990740741, 100.0, 
3, 43, 14.2141092203, 2, 0.214, -0.099, -30.0, 0.016, 0.077, 16.0, 0.383287037037, 100.0, -3.0, 63.0309565545, 0.281685185185, 100.0, 
3, 65, 14.4762776561, 2, 0.25, -0.1, -20, 0.039, -0.149, 80.0, 0.353101851852, 100.0, -1.0, 81.9093139195, 0.155981481481, 100.0, 
3, 17, 16.599940724, 2, 0.224, -0.037, -7.0, 0.13, 0.043, 17.0, 0.380185185185, 100.0, 0.164425925926, 100.0, 0.157212962963, 100.0, 
3, 54, 14.5311453692, 2, 0.224, -0.142, -7.0, 0.13, 0.043, 17.0, 0.330638888889, 100.0, -3.0, 82.5658635328, 0.194787037037, 100.0, 
3, 43, 14.2141092203, 2, 0.214, -0.099, -30.0, 0.016, 0.077, 16.0, 0.383287037037, 100.0, -3.0, 63.0309565545, 0.281685185185, 100.0, 
3, 23, 12.9456244775, 2, 0.148, -0.054, -25.0, 0.078, -0.039, 17.0, 0.397555555556, 100.0, -1.0, 0.0, 0.411546296296, 100.0, 
3, 23, 12.9456244775, 2, 0.148, -0.054, -25.0, 0.078, -0.039, 17.0, 0.397555555556, 100.0, -1.0, 0.0, 0.411546296296, 100.0, 
3, 0, 12.3010562724, 2, 0.25, -0.1, -20, 0.25, 0.1, 20, 0.394027777778, 100.0, -1.0, 0.0, 0.165222222222, 100.0, 
3, 65, 14.4762776561, 2, 0.25, -0.1, -20, 0.039, -0.149, 80.0, 0.353101851852, 100.0, -1.0, 81.9093139195, 0.155981481481, 100.0, 
3, 23, 12.9456244775, 2, 0.148, -0.054, -25.0, 0.078, -0.039, 17.0, 0.397555555556, 100.0, -1.0, 0.0, 0.411546296296, 100.0, 
3, 26, 11.6275226066, 2, 0.175, -0.119, -32.0, 0.083, 0.1, -11.0, 0.282444444444, 100.0, -3.0, 82.0384221464, -1.0, 63.3725845971, 
4, 82, 14.6193603614, 2, 0.224, -0.037, -7.0, 0.13, 0.043, 17.0, 0.336972222222, 100.0, -3.0, 82.5858055174, 0.223972222222, 100.0, 
4, 67, 13.9192189914, 2, 0.148, -0.054, -25.0, 0.175, -0.039, 17.0, 0.285962962963, 100.0, -3.0, 63.5457114546, 0.261268518519, 100.0, 
4, 54, 14.5311453692, 2, 0.224, -0.142, -7.0, 0.13, 0.043, 17.0, 0.330638888889, 100.0, -3.0, 82.5658635328, 0.194787037037, 100.0, 
4, 2, 12.5375588026, 2, 0.003, 0.101, -44.0, 0.059, 0.149, -5.0, 0.357342592593, 100.0, -1.0, 0.0, 0.301990740741, 100.0, 
4, 2, 12.5375588026, 2, 0.003, 0.101, -44.0, 0.059, 0.149, -5.0, 0.357342592593, 100.0, -1.0, 0.0, 0.301990740741, 100.0, 
4, 54, 14.5311453692, 2, 0.224, -0.142, -7.0, 0.13, 0.043, 17.0, 0.330638888889, 100.0, -3.0, 82.5658635328, 0.194787037037, 100.0, 
4, 65, 14.4762776561, 2, 0.25, -0.1, -20, 0.039, -0.149, 80.0, 0.353101851852, 100.0, -1.0, 81.9093139195, 0.155981481481, 100.0, 
4, 0, 12.3010562724, 2, 0.25, -0.1, -20, 0.25, 0.1, 20, 0.394027777778, 100.0, -1.0, 0.0, 0.165222222222, 100.0, 
4, 81, 12.7494659744, 2, 0.003, 0.101, -44.0, 0.245, 0.002, 90.0, 0.341796296296, 100.0, -1.0, 0.0, 0.396083333333, 100.0, 
4, 23, 12.9456244775, 2, 0.148, -0.054, -25.0, 0.078, -0.039, 17.0, 0.397555555556, 100.0, -1.0, 0.0, 0.411546296296, 100.0, 
4, 54, 14.5311453692, 2, 0.224, -0.142, -7.0, 0.13, 0.043, 17.0, 0.330638888889, 100.0, -3.0, 82.5658635328, 0.194787037037, 100.0, 
4, 2, 12.5375588026, 2, 0.003, 0.101, -44.0, 0.059, 0.149, -5.0, 0.357342592593, 100.0, -1.0, 0.0, 0.301990740741, 100.0, 
4, 68, 8.12985575422, 2, 0.22, -0.121, -66.0, 0.134, 0.14, -12.0, -3.0, 82.4899542662, -3.0, 41.5693939884, -1.0, 67.1947392111, 
4, 52, 14.1631877256, 2, 0.123, -0.1, -20, 0.25, 0.1, 20, 0.38937037037, 100.0, -3.0, 62.4356479056, 0.262657407407, 100.0, 
4, 65, 14.4762776561, 2, 0.25, -0.1, -20, 0.039, -0.149, 80.0, 0.353101851852, 100.0, -1.0, 81.9093139195, 0.155981481481, 100.0, 
4, 83, 9.27206685051, 2, 0.22, -0.121, -66.0, 0.13, 0.043, 17.0, -1.0, 82.4617928455, -3.0, 62.3701683918, -3.0, 81.8358904978, 
4, 65, 14.4762776561, 2, 0.25, -0.1, -20, 0.039, -0.149, 80.0, 0.353101851852, 100.0, -1.0, 81.9093139195, 0.155981481481, 100.0, 
4, 81, 12.7494659744, 2, 0.003, 0.101, -44.0, 0.245, 0.002, 90.0, 0.341796296296, 100.0, -1.0, 0.0, 0.396083333333, 100.0, 
4, 23, 12.9456244775, 2, 0.148, -0.054, -25.0, 0.078, -0.039, 17.0, 0.397555555556, 100.0, -1.0, 0.0, 0.411546296296, 100.0, 
4, 0, 12.3010562724, 2, 0.25, -0.1, -20, 0.25, 0.1, 20, 0.394027777778, 100.0, -1.0, 0.0, 0.165222222222, 100.0, 
4, 82, 14.6193603614, 2, 0.224, -0.037, -7.0, 0.13, 0.043, 17.0, 0.336972222222, 100.0, -3.0, 82.5858055174, 0.223972222222, 100.0, 
4, 0, 12.3010562724, 2, 0.25, -0.1, -20, 0.25, 0.1, 20, 0.394027777778, 100.0, -1.0, 0.0, 0.165222222222, 100.0, 
4, 0, 12.3010562724, 2, 0.25, -0.1, -20, 0.25, 0.1, 20, 0.394027777778, 100.0, -1.0, 0.0, 0.165222222222, 100.0, 
4, 17, 16.599940724, 2, 0.224, -0.037, -7.0, 0.13, 0.043, 17.0, 0.380185185185, 100.0, 0.164425925926, 100.0, 0.157212962963, 100.0, 
4, 12, 11.696504839, 2, 0.213, 0.147, -74.0, 0.2, -0.027, -63.0, -1.0, 82.2045593446, -1.0, 60.0, 0.347833333333, 100.0, 
4, 12, 11.696504839, 2, 0.213, 0.147, -74.0, 0.2, -0.027, -63.0, -1.0, 82.2045593446, -1.0, 60.0, 0.347833333333, 100.0, 
4, 17, 16.599940724, 2, 0.224, -0.037, -7.0, 0.13, 0.043, 17.0, 0.380185185185, 100.0, 0.164425925926, 100.0, 0.157212962963, 100.0, 
4, 65, 14.4762776561, 2, 0.25, -0.1, -20, 0.039, -0.149, 80.0, 0.353101851852, 100.0, -1.0, 81.9093139195, 0.155981481481, 100.0, 
4, 54, 14.5311453692, 2, 0.224, -0.142, -7.0, 0.13, 0.043, 17.0, 0.330638888889, 100.0, -3.0, 82.5658635328, 0.194787037037, 100.0, 
4, 83, 9.27206685051, 2, 0.22, -0.121, -66.0, 0.13, 0.043, 17.0, -1.0, 82.4617928455, -3.0, 62.3701683918, -3.0, 81.8358904978, 
4, 12, 11.696504839, 2, 0.213, 0.147, -74.0, 0.2, -0.027, -63.0, -1.0, 82.2045593446, -1.0, 60.0, 0.347833333333, 100.0, 
4, 2, 12.5375588026, 2, 0.003, 0.101, -44.0, 0.059, 0.149, -5.0, 0.357342592593, 100.0, -1.0, 0.0, 0.301990740741, 100.0, 
4, 54, 14.5311453692, 2, 0.224, -0.142, -7.0, 0.13, 0.043, 17.0, 0.330638888889, 100.0, -3.0, 82.5658635328, 0.194787037037, 100.0, 
4, 83, 9.27206685051, 2, 0.22, -0.121, -66.0, 0.13, 0.043, 17.0, -1.0, 82.4617928455, -3.0, 62.3701683918, -3.0, 81.8358904978, 
4, 17, 16.599940724, 2, 0.224, -0.037, -7.0, 0.13, 0.043, 17.0, 0.380185185185, 100.0, 0.164425925926, 100.0, 0.157212962963, 100.0, 
4, 2, 12.5375588026, 2, 0.003, 0.101, -44.0, 0.059, 0.149, -5.0, 0.357342592593, 100.0, -1.0, 0.0, 0.301990740741, 100.0, 
4, 23, 12.9456244775, 2, 0.148, -0.054, -25.0, 0.078, -0.039, 17.0, 0.397555555556, 100.0, -1.0, 0.0, 0.411546296296, 100.0, 
4, 17, 16.599940724, 2, 0.224, -0.037, -7.0, 0.13, 0.043, 17.0, 0.380185185185, 100.0, 0.164425925926, 100.0, 0.157212962963, 100.0, 
4, 71, 12.547307655, 2, 0.003, -0.057, -44.0, 0.059, 0.149, -5.0, 0.363907407407, 100.0, -1.0, 0.0, 0.29887037037, 100.0, 
4, 75, 12.4748118741, 2, 0.056, -0.114, 5.0, 0.25, 0.1, 20, 0.379574074074, 100.0, -1.0, 0.0, 0.25362962963, 100.0, 
5, 95, 16.9510893277, 2, 0.224, -0.037, -7.0, 0.078, -0.039, 17.0, 0.371564814815, 100.0, 0.180546296296, 100.0, 0.294685185185, 100.0, 
5, 54, 14.5311453692, 2, 0.224, -0.142, -7.0, 0.13, 0.043, 17.0, 0.330638888889, 100.0, -3.0, 82.5658635328, 0.194787037037, 100.0, 
5, 54, 14.5311453692, 2, 0.224, -0.142, -7.0, 0.13, 0.043, 17.0, 0.330638888889, 100.0, -3.0, 82.5658635328, 0.194787037037, 100.0, 
5, 67, 13.9192189914, 2, 0.148, -0.054, -25.0, 0.175, -0.039, 17.0, 0.285962962963, 100.0, -3.0, 63.5457114546, 0.261268518519, 100.0, 
5, 82, 14.6193603614, 2, 0.224, -0.037, -7.0, 0.13, 0.043, 17.0, 0.336972222222, 100.0, -3.0, 82.5858055174, 0.223972222222, 100.0, 
5, 54, 14.5311453692, 2, 0.224, -0.142, -7.0, 0.13, 0.043, 17.0, 0.330638888889, 100.0, -3.0, 82.5658635328, 0.194787037037, 100.0, 
5, 54, 14.5311453692, 2, 0.224, -0.142, -7.0, 0.13, 0.043, 17.0, 0.330638888889, 100.0, -3.0, 82.5658635328, 0.194787037037, 100.0, 
5, 17, 16.599940724, 2, 0.224, -0.037, -7.0, 0.13, 0.043, 17.0, 0.380185185185, 100.0, 0.164425925926, 100.0, 0.157212962963, 100.0, 
5, 17, 16.599940724, 2, 0.224, -0.037, -7.0, 0.13, 0.043, 17.0, 0.380185185185, 100.0, 0.164425925926, 100.0, 0.157212962963, 100.0, 
5, 54, 14.5311453692, 2, 0.224, -0.142, -7.0, 0.13, 0.043, 17.0, 0.330638888889, 100.0, -3.0, 82.5658635328, 0.194787037037, 100.0, 
5, 71, 12.547307655, 2, 0.003, -0.057, -44.0, 0.059, 0.149, -5.0, 0.363907407407, 100.0, -1.0, 0.0, 0.29887037037, 100.0, 
5, 12, 11.696504839, 2, 0.213, 0.147, -74.0, 0.2, -0.027, -63.0, -1.0, 82.2045593446, -1.0, 60.0, 0.347833333333, 100.0, 
5, 2, 12.5375588026, 2, 0.003, 0.101, -44.0, 0.059, 0.149, -5.0, 0.357342592593, 100.0, -1.0, 0.0, 0.301990740741, 100.0, 
5, 17, 16.599940724, 2, 0.224, -0.037, -7.0, 0.13, 0.043, 17.0, 0.380185185185, 100.0, 0.164425925926, 100.0, 0.157212962963, 100.0, 
5, 95, 16.9510893277, 2, 0.224, -0.037, -7.0, 0.078, -0.039, 17.0, 0.371564814815, 100.0, 0.180546296296, 100.0, 0.294685185185, 100.0, 
5, 23, 12.9456244775, 2, 0.148, -0.054, -25.0, 0.078, -0.039, 17.0, 0.397555555556, 100.0, -1.0, 0.0, 0.411546296296, 100.0, 
5, 17, 16.599940724, 2, 0.224, -0.037, -7.0, 0.13, 0.043, 17.0, 0.380185185185, 100.0, 0.164425925926, 100.0, 0.157212962963, 100.0, 
5, 94, 12.7947759572, 2, 0.003, 0.101, -44.0, 0.25, 0.083, 20, 0.352564814815, 100.0, -1.0, 0.0, 0.401907407407, 100.0, 
5, 2, 12.5375588026, 2, 0.003, 0.101, -44.0, 0.059, 0.149, -5.0, 0.357342592593, 100.0, -1.0, 0.0, 0.301990740741, 100.0, 
5, 67, 13.9192189914, 2, 0.148, -0.054, -25.0, 0.175, -0.039, 17.0, 0.285962962963, 100.0, -3.0, 63.5457114546, 0.261268518519, 100.0, 
5, 54, 14.5311453692, 2, 0.224, -0.142, -7.0, 0.13, 0.043, 17.0, 0.330638888889, 100.0, -3.0, 82.5658635328, 0.194787037037, 100.0, 
5, 2, 12.5375588026, 2, 0.003, 0.101, -44.0, 0.059, 0.149, -5.0, 0.357342592593, 100.0, -1.0, 0.0, 0.301990740741, 100.0, 
5, 12, 11.696504839, 2, 0.213, 0.147, -74.0, 0.2, -0.027, -63.0, -1.0, 82.2045593446, -1.0, 60.0, 0.347833333333, 100.0, 
5, 83, 9.27206685051, 2, 0.22, -0.121, -66.0, 0.13, 0.043, 17.0, -1.0, 82.4617928455, -3.0, 62.3701683918, -3.0, 81.8358904978, 
5, 100, 11.7884044295, 2, 0.22, -0.121, -66.0, 0.25, 0.1, 20, -3.0, 83.1588479812, -3.0, 62.24216018, 0.342175925926, 100.0, 
5, 23, 12.9456244775, 2, 0.148, -0.054, -25.0, 0.078, -0.039, 17.0, 0.397555555556, 100.0, -1.0, 0.0, 0.411546296296, 100.0, 
5, 65, 14.4762776561, 2, 0.25, -0.1, -20, 0.039, -0.149, 80.0, 0.353101851852, 100.0, -1.0, 81.9093139195, 0.155981481481, 100.0, 
5, 95, 16.9510893277, 2, 0.224, -0.037, -7.0, 0.078, -0.039, 17.0, 0.371564814815, 100.0, 0.180546296296, 100.0, 0.294685185185, 100.0, 
5, 17, 16.599940724, 2, 0.224, -0.037, -7.0, 0.13, 0.043, 17.0, 0.380185185185, 100.0, 0.164425925926, 100.0, 0.157212962963, 100.0, 
5, 0, 12.3010562724, 2, 0.25, -0.1, -20, 0.25, 0.1, 20, 0.394027777778, 100.0, -1.0, 0.0, 0.165222222222, 100.0, 
5, 96, 9.60634043788, 2, 0.148, -0.054, -25.0, 0.13, 0.043, 17.0, 0.394694444444, 100.0, -1.0, 0.0, -1.0, 63.1308629449, 
5, 2, 12.5375588026, 2, 0.003, 0.101, -44.0, 0.059, 0.149, -5.0, 0.357342592593, 100.0, -1.0, 0.0, 0.301990740741, 100.0, 
5, 17, 16.599940724, 2, 0.224, -0.037, -7.0, 0.13, 0.043, 17.0, 0.380185185185, 100.0, 0.164425925926, 100.0, 0.157212962963, 100.0, 
5, 54, 14.5311453692, 2, 0.224, -0.142, -7.0, 0.13, 0.043, 17.0, 0.330638888889, 100.0, -3.0, 82.5658635328, 0.194787037037, 100.0, 
5, 2, 12.5375588026, 2, 0.003, 0.101, -44.0, 0.059, 0.149, -5.0, 0.357342592593, 100.0, -1.0, 0.0, 0.301990740741, 100.0, 
5, 91, 11.9094491467, 2, 0.25, -0.1, -20, 0.13, 0.01, 17.0, 0.391046296296, 100.0, -3.0, 81.978598351, -1.0, 63.1814426498, 
5, 65, 14.4762776561, 2, 0.25, -0.1, -20, 0.039, -0.149, 80.0, 0.353101851852, 100.0, -1.0, 81.9093139195, 0.155981481481, 100.0, 
5, 2, 12.5375588026, 2, 0.003, 0.101, -44.0, 0.059, 0.149, -5.0, 0.357342592593, 100.0, -1.0, 0.0, 0.301990740741, 100.0, 
5, 54, 14.5311453692, 2, 0.224, -0.142, -7.0, 0.13, 0.043, 17.0, 0.330638888889, 100.0, -3.0, 82.5658635328, 0.194787037037, 100.0, 
5, 65, 14.4762776561, 2, 0.25, -0.1, -20, 0.039, -0.149, 80.0, 0.353101851852, 100.0, -1.0, 81.9093139195, 0.155981481481, 100.0, 
6, 108, 14.2030480171, 2, 0.003, 0.101, -44.0, 0.13, 0.043, 17.0, 0.352, 100.0, -3.0, 63.0449229685, 0.310259259259, 100.0, 
6, 65, 14.4762776561, 2, 0.25, -0.1, -20, 0.039, -0.149, 80.0, 0.353101851852, 100.0, -1.0, 81.9093139195, 0.155981481481, 100.0, 
6, 65, 14.4762776561, 2, 0.25, -0.1, -20, 0.039, -0.149, 80.0, 0.353101851852, 100.0, -1.0, 81.9093139195, 0.155981481481, 100.0, 
6, 103, 12.7395429147, 2, 0.05, 0.101, -44.0, 0.25, 0.083, 20, 0.36175, 100.0, -1.0, 0.0, 0.373018518519, 100.0, 
6, 17, 16.599940724, 2, 0.224, -0.037, -7.0, 0.13, 0.043, 17.0, 0.380185185185, 100.0, 0.164425925926, 100.0, 0.157212962963, 100.0, 
6, 54, 14.5311453692, 2, 0.224, -0.142, -7.0, 0.13, 0.043, 17.0, 0.330638888889, 100.0, -3.0, 82.5658635328, 0.194787037037, 100.0, 
6, 54, 14.5311453692, 2, 0.224, -0.142, -7.0, 0.13, 0.043, 17.0, 0.330638888889, 100.0, -3.0, 82.5658635328, 0.194787037037, 100.0, 
6, 54, 14.5311453692, 2, 0.224, -0.142, -7.0, 0.13, 0.043, 17.0, 0.330638888889, 100.0, -3.0, 82.5658635328, 0.194787037037, 100.0, 
6, 65, 14.4762776561, 2, 0.25, -0.1, -20, 0.039, -0.149, 80.0, 0.353101851852, 100.0, -1.0, 81.9093139195, 0.155981481481, 100.0, 
6, 111, 12.3353030749, 2, 0.22, -0.121, -12.0, 0.13, 0.043, 17.0, 0.341990740741, 100.0, -1.0, 0.0, 0.238694444444, 100.0, 
6, 54, 14.5311453692, 2, 0.224, -0.142, -7.0, 0.13, 0.043, 17.0, 0.330638888889, 100.0, -3.0, 82.5658635328, 0.194787037037, 100.0, 
6, 54, 14.5311453692, 2, 0.224, -0.142, -7.0, 0.13, 0.043, 17.0, 0.330638888889, 100.0, -3.0, 82.5658635328, 0.194787037037, 100.0, 
6, 65, 14.4762776561, 2, 0.25, -0.1, -20, 0.039, -0.149, 80.0, 0.353101851852, 100.0, -1.0, 81.9093139195, 0.155981481481, 100.0, 
6, 17, 16.599940724, 2, 0.224, -0.037, -7.0, 0.13, 0.043, 17.0, 0.380185185185, 100.0, 0.164425925926, 100.0, 0.157212962963, 100.0, 
6, 65, 14.4762776561, 2, 0.25, -0.1, -20, 0.039, -0.149, 80.0, 0.353101851852, 100.0, -1.0, 81.9093139195, 0.155981481481, 100.0, 
6, 65, 14.4762776561, 2, 0.25, -0.1, -20, 0.039, -0.149, 80.0, 0.353101851852, 100.0, -1.0, 81.9093139195, 0.155981481481, 100.0, 
6, 17, 16.599940724, 2, 0.224, -0.037, -7.0, 0.13, 0.043, 17.0, 0.380185185185, 100.0, 0.164425925926, 100.0, 0.157212962963, 100.0, 
6, 17, 16.599940724, 2, 0.224, -0.037, -7.0, 0.13, 0.043, 17.0, 0.380185185185, 100.0, 0.164425925926, 100.0, 0.157212962963, 100.0, 
6, 17, 16.599940724, 2, 0.224, -0.037, -7.0, 0.13, 0.043, 17.0, 0.380185185185, 100.0, 0.164425925926, 100.0, 0.157212962963, 100.0, 
6, 54, 14.5311453692, 2, 0.224, -0.142, -7.0, 0.13, 0.043, 17.0, 0.330638888889, 100.0, -3.0, 82.5658635328, 0.194787037037, 100.0, 
6, 95, 16.9510893277, 2, 0.224, -0.037, -7.0, 0.078, -0.039, 17.0, 0.371564814815, 100.0, 0.180546296296, 100.0, 0.294685185185, 100.0, 
6, 82, 14.6193603614, 2, 0.224, -0.037, -7.0, 0.13, 0.043, 17.0, 0.336972222222, 100.0, -3.0, 82.5858055174, 0.223972222222, 100.0, 
6, 54, 14.5311453692, 2, 0.224, -0.142, -7.0, 0.13, 0.043, 17.0, 0.330638888889, 100.0, -3.0, 82.5658635328, 0.194787037037, 100.0, 
6, 17, 16.599940724, 2, 0.224, -0.037, -7.0, 0.13, 0.043, 17.0, 0.380185185185, 100.0, 0.164425925926, 100.0, 0.157212962963, 100.0, 
6, 17, 16.599940724, 2, 0.224, -0.037, -7.0, 0.13, 0.043, 17.0, 0.380185185185, 100.0, 0.164425925926, 100.0, 0.157212962963, 100.0, 
6, 95, 16.9510893277, 2, 0.224, -0.037, -7.0, 0.078, -0.039, 17.0, 0.371564814815, 100.0, 0.180546296296, 100.0, 0.294685185185, 100.0, 
6, 54, 14.5311453692, 2, 0.224, -0.142, -7.0, 0.13, 0.043, 17.0, 0.330638888889, 100.0, -3.0, 82.5658635328, 0.194787037037, 100.0, 
6, 95, 16.9510893277, 2, 0.224, -0.037, -7.0, 0.078, -0.039, 17.0, 0.371564814815, 100.0, 0.180546296296, 100.0, 0.294685185185, 100.0, 
6, 94, 12.7947759572, 2, 0.003, 0.101, -44.0, 0.25, 0.083, 20, 0.352564814815, 100.0, -1.0, 0.0, 0.401907407407, 100.0, 
6, 54, 14.5311453692, 2, 0.224, -0.142, -7.0, 0.13, 0.043, 17.0, 0.330638888889, 100.0, -3.0, 82.5658635328, 0.194787037037, 100.0, 
6, 54, 14.5311453692, 2, 0.224, -0.142, -7.0, 0.13, 0.043, 17.0, 0.330638888889, 100.0, -3.0, 82.5658635328, 0.194787037037, 100.0, 
6, 91, 11.9094491467, 2, 0.25, -0.1, -20, 0.13, 0.01, 17.0, 0.391046296296, 100.0, -3.0, 81.978598351, -1.0, 63.1814426498, 
6, 94, 12.7947759572, 2, 0.003, 0.101, -44.0, 0.25, 0.083, 20, 0.352564814815, 100.0, -1.0, 0.0, 0.401907407407, 100.0, 
6, 103, 12.7395429147, 2, 0.05, 0.101, -44.0, 0.25, 0.083, 20, 0.36175, 100.0, -1.0, 0.0, 0.373018518519, 100.0, 
6, 2, 12.5375588026, 2, 0.003, 0.101, -44.0, 0.059, 0.149, -5.0, 0.357342592593, 100.0, -1.0, 0.0, 0.301990740741, 100.0, 
6, 54, 14.5311453692, 2, 0.224, -0.142, -7.0, 0.13, 0.043, 17.0, 0.330638888889, 100.0, -3.0, 82.5658635328, 0.194787037037, 100.0, 
6, 17, 16.599940724, 2, 0.224, -0.037, -7.0, 0.13, 0.043, 17.0, 0.380185185185, 100.0, 0.164425925926, 100.0, 0.157212962963, 100.0, 
6, 17, 16.599940724, 2, 0.224, -0.037, -7.0, 0.13, 0.043, 17.0, 0.380185185185, 100.0, 0.164425925926, 100.0, 0.157212962963, 100.0, 
6, 54, 14.5311453692, 2, 0.224, -0.142, -7.0, 0.13, 0.043, 17.0, 0.330638888889, 100.0, -3.0, 82.5658635328, 0.194787037037, 100.0, 
6, 54, 14.5311453692, 2, 0.224, -0.142, -7.0, 0.13, 0.043, 17.0, 0.330638888889, 100.0, -3.0, 82.5658635328, 0.194787037037, 100.0, 
7, 116, 16.5742171825, 2, 0.224, -0.037, -7.0, 0.064, 0.043, 17.0, 0.335564814815, 100.0, 0.174592592593, 100.0, 0.187777777778, 100.0, 
7, 54, 14.5311453692, 2, 0.224, -0.142, -7.0, 0.13, 0.043, 17.0, 0.330638888889, 100.0, -3.0, 82.5658635328, 0.194787037037, 100.0, 
7, 65, 14.4762776561, 2, 0.25, -0.1, -20, 0.039, -0.149, 80.0, 0.353101851852, 100.0, -1.0, 81.9093139195, 0.155981481481, 100.0, 
7, 120, 14.7689163466, 2, 0.224, -0.142, -7.0, 0.065, 0.043, 17.0, 0.332851851852, 100.0, -3.0, 82.5899119117, 0.287833333333, 100.0, 
7, 54, 14.5311453692, 2, 0.224, -0.142, -7.0, 0.13, 0.043, 17.0, 0.330638888889, 100.0, -3.0, 82.5658635328, 0.194787037037, 100.0, 
7, 116, 16.5742171825, 2, 0.224, -0.037, -7.0, 0.064, 0.043, 17.0, 0.335564814815, 100.0, 0.174592592593, 100.0, 0.187777777778, 100.0, 
7, 17, 16.599940724, 2, 0.224, -0.037, -7.0, 0.13, 0.043, 17.0, 0.380185185185, 100.0, 0.164425925926, 100.0, 0.157212962963, 100.0, 
7, 65, 14.4762776561, 2, 0.25, -0.1, -20, 0.039, -0.149, 80.0, 0.353101851852, 100.0, -1.0, 81.9093139195, 0.155981481481, 100.0, 
7, 108, 14.2030480171, 2, 0.003, 0.101, -44.0, 0.13, 0.043, 17.0, 0.352, 100.0, -3.0, 63.0449229685, 0.310259259259, 100.0, 
7, 17, 16.599940724, 2, 0.224, -0.037, -7.0, 0.13, 0.043, 17.0, 0.380185185185, 100.0, 0.164425925926, 100.0, 0.157212962963, 100.0, 
7, 65, 14.4762776561, 2, 0.25, -0.1, -20, 0.039, -0.149, 80.0, 0.353101851852, 100.0, -1.0, 81.9093139195, 0.155981481481, 100.0, 
7, 17, 16.599940724, 2, 0.224, -0.037, -7.0, 0.13, 0.043, 17.0, 0.380185185185, 100.0, 0.164425925926, 100.0, 0.157212962963, 100.0, 
7, 54, 14.5311453692, 2, 0.224, -0.142, -7.0, 0.13, 0.043, 17.0, 0.330638888889, 100.0, -3.0, 82.5658635328, 0.194787037037, 100.0, 
7, 54, 14.5311453692, 2, 0.224, -0.142, -7.0, 0.13, 0.043, 17.0, 0.330638888889, 100.0, -3.0, 82.5658635328, 0.194787037037, 100.0, 
7, 17, 16.599940724, 2, 0.224, -0.037, -7.0, 0.13, 0.043, 17.0, 0.380185185185, 100.0, 0.164425925926, 100.0, 0.157212962963, 100.0, 
7, 54, 14.5311453692, 2, 0.224, -0.142, -7.0, 0.13, 0.043, 17.0, 0.330638888889, 100.0, -3.0, 82.5658635328, 0.194787037037, 100.0, 
7, 95, 16.9510893277, 2, 0.224, -0.037, -7.0, 0.078, -0.039, 17.0, 0.371564814815, 100.0, 0.180546296296, 100.0, 0.294685185185, 100.0, 
7, 95, 16.9510893277, 2, 0.224, -0.037, -7.0, 0.078, -0.039, 17.0, 0.371564814815, 100.0, 0.180546296296, 100.0, 0.294685185185, 100.0, 
7, 116, 16.5742171825, 2, 0.224, -0.037, -7.0, 0.064, 0.043, 17.0, 0.335564814815, 100.0, 0.174592592593, 100.0, 0.187777777778, 100.0, 
7, 54, 14.5311453692, 2, 0.224, -0.142, -7.0, 0.13, 0.043, 17.0, 0.330638888889, 100.0, -3.0, 82.5658635328, 0.194787037037, 100.0, 
7, 103, 12.7395429147, 2, 0.05, 0.101, -44.0, 0.25, 0.083, 20, 0.36175, 100.0, -1.0, 0.0, 0.373018518519, 100.0, 
7, 54, 14.5311453692, 2, 0.224, -0.142, -7.0, 0.13, 0.043, 17.0, 0.330638888889, 100.0, -3.0, 82.5658635328, 0.194787037037, 100.0, 
7, 54, 14.5311453692, 2, 0.224, -0.142, -7.0, 0.13, 0.043, 17.0, 0.330638888889, 100.0, -3.0, 82.5658635328, 0.194787037037, 100.0, 
7, 120, 14.7689163466, 2, 0.224, -0.142, -7.0, 0.065, 0.043, 17.0, 0.332851851852, 100.0, -3.0, 82.5899119117, 0.287833333333, 100.0, 
7, 82, 14.6193603614, 2, 0.224, -0.037, -7.0, 0.13, 0.043, 17.0, 0.336972222222, 100.0, -3.0, 82.5858055174, 0.223972222222, 100.0, 
7, 120, 14.7689163466, 2, 0.224, -0.142, -7.0, 0.065, 0.043, 17.0, 0.332851851852, 100.0, -3.0, 82.5899119117, 0.287833333333, 100.0, 
7, 17, 16.599940724, 2, 0.224, -0.037, -7.0, 0.13, 0.043, 17.0, 0.380185185185, 100.0, 0.164425925926, 100.0, 0.157212962963, 100.0, 
7, 54, 14.5311453692, 2, 0.224, -0.142, -7.0, 0.13, 0.043, 17.0, 0.330638888889, 100.0, -3.0, 82.5658635328, 0.194787037037, 100.0, 
7, 65, 14.4762776561, 2, 0.25, -0.1, -20, 0.039, -0.149, 80.0, 0.353101851852, 100.0, -1.0, 81.9093139195, 0.155981481481, 100.0, 
7, 54, 14.5311453692, 2, 0.224, -0.142, -7.0, 0.13, 0.043, 17.0, 0.330638888889, 100.0, -3.0, 82.5658635328, 0.194787037037, 100.0, 
7, 95, 16.9510893277, 2, 0.224, -0.037, -7.0, 0.078, -0.039, 17.0, 0.371564814815, 100.0, 0.180546296296, 100.0, 0.294685185185, 100.0, 
7, 17, 16.599940724, 2, 0.224, -0.037, -7.0, 0.13, 0.043, 17.0, 0.380185185185, 100.0, 0.164425925926, 100.0, 0.157212962963, 100.0, 
7, 54, 14.5311453692, 2, 0.224, -0.142, -7.0, 0.13, 0.043, 17.0, 0.330638888889, 100.0, -3.0, 82.5658635328, 0.194787037037, 100.0, 
7, 54, 14.5311453692, 2, 0.224, -0.142, -7.0, 0.13, 0.043, 17.0, 0.330638888889, 100.0, -3.0, 82.5658635328, 0.194787037037, 100.0, 
7, 65, 14.4762776561, 2, 0.25, -0.1, -20, 0.039, -0.149, 80.0, 0.353101851852, 100.0, -1.0, 81.9093139195, 0.155981481481, 100.0, 
7, 17, 16.599940724, 2, 0.224, -0.037, -7.0, 0.13, 0.043, 17.0, 0.380185185185, 100.0, 0.164425925926, 100.0, 0.157212962963, 100.0, 
7, 17, 16.599940724, 2, 0.224, -0.037, -7.0, 0.13, 0.043, 17.0, 0.380185185185, 100.0, 0.164425925926, 100.0, 0.157212962963, 100.0, 
7, 95, 16.9510893277, 2, 0.224, -0.037, -7.0, 0.078, -0.039, 17.0, 0.371564814815, 100.0, 0.180546296296, 100.0, 0.294685185185, 100.0, 
7, 95, 16.9510893277, 2, 0.224, -0.037, -7.0, 0.078, -0.039, 17.0, 0.371564814815, 100.0, 0.180546296296, 100.0, 0.294685185185, 100.0, 
7, 17, 16.599940724, 2, 0.224, -0.037, -7.0, 0.13, 0.043, 17.0, 0.380185185185, 100.0, 0.164425925926, 100.0, 0.157212962963, 100.0, 
8, 134, 16.786227805, 2, 0.224, -0.037, -7.0, 0.13, 0.043, 17.0, 0.335481481481, 100.0, 0.177287037037, 100.0, 0.2715, 100.0, 
8, 120, 14.7689163466, 2, 0.224, -0.142, -7.0, 0.065, 0.043, 17.0, 0.332851851852, 100.0, -3.0, 82.5899119117, 0.287833333333, 100.0, 
8, 54, 14.5311453692, 2, 0.224, -0.142, -7.0, 0.13, 0.043, 17.0, 0.330638888889, 100.0, -3.0, 82.5658635328, 0.194787037037, 100.0, 
8, 65, 14.4762776561, 2, 0.25, -0.1, -20, 0.039, -0.149, 80.0, 0.353101851852, 100.0, -1.0, 81.9093139195, 0.155981481481, 100.0, 
8, 116, 16.5742171825, 2, 0.224, -0.037, -7.0, 0.064, 0.043, 17.0, 0.335564814815, 100.0, 0.174592592593, 100.0, 0.187777777778, 100.0, 
8, 120, 14.7689163466, 2, 0.224, -0.142, -7.0, 0.065, 0.043, 17.0, 0.332851851852, 100.0, -3.0, 82.5899119117, 0.287833333333, 100.0, 
8, 95, 16.9510893277, 2, 0.224, -0.037, -7.0, 0.078, -0.039, 17.0, 0.371564814815, 100.0, 0.180546296296, 100.0, 0.294685185185, 100.0, 
8, 54, 14.5311453692, 2, 0.224, -0.142, -7.0, 0.13, 0.043, 17.0, 0.330638888889, 100.0, -3.0, 82.5658635328, 0.194787037037, 100.0, 
8, 95, 16.9510893277, 2, 0.224, -0.037, -7.0, 0.078, -0.039, 17.0, 0.371564814815, 100.0, 0.180546296296, 100.0, 0.294685185185, 100.0, 
8, 17, 16.599940724, 2, 0.224, -0.037, -7.0, 0.13, 0.043, 17.0, 0.380185185185, 100.0, 0.164425925926, 100.0, 0.157212962963, 100.0, 
8, 95, 16.9510893277, 2, 0.224, -0.037, -7.0, 0.078, -0.039, 17.0, 0.371564814815, 100.0, 0.180546296296, 100.0, 0.294685185185, 100.0, 
8, 116, 16.5742171825, 2, 0.224, -0.037, -7.0, 0.064, 0.043, 17.0, 0.335564814815, 100.0, 0.174592592593, 100.0, 0.187777777778, 100.0, 
8, 116, 16.5742171825, 2, 0.224, -0.037, -7.0, 0.064, 0.043, 17.0, 0.335564814815, 100.0, 0.174592592593, 100.0, 0.187777777778, 100.0, 
8, 116, 16.5742171825, 2, 0.224, -0.037, -7.0, 0.064, 0.043, 17.0, 0.335564814815, 100.0, 0.174592592593, 100.0, 0.187777777778, 100.0, 
8, 54, 14.5311453692, 2, 0.224, -0.142, -7.0, 0.13, 0.043, 17.0, 0.330638888889, 100.0, -3.0, 82.5658635328, 0.194787037037, 100.0, 
8, 95, 16.9510893277, 2, 0.224, -0.037, -7.0, 0.078, -0.039, 17.0, 0.371564814815, 100.0, 0.180546296296, 100.0, 0.294685185185, 100.0, 
8, 17, 16.599940724, 2, 0.224, -0.037, -7.0, 0.13, 0.043, 17.0, 0.380185185185, 100.0, 0.164425925926, 100.0, 0.157212962963, 100.0, 
8, 120, 14.7689163466, 2, 0.224, -0.142, -7.0, 0.065, 0.043, 17.0, 0.332851851852, 100.0, -3.0, 82.5899119117, 0.287833333333, 100.0, 
8, 17, 16.599940724, 2, 0.224, -0.037, -7.0, 0.13, 0.043, 17.0, 0.380185185185, 100.0, 0.164425925926, 100.0, 0.157212962963, 100.0, 
8, 65, 14.4762776561, 2, 0.25, -0.1, -20, 0.039, -0.149, 80.0, 0.353101851852, 100.0, -1.0, 81.9093139195, 0.155981481481, 100.0, 
8, 17, 16.599940724, 2, 0.224, -0.037, -7.0, 0.13, 0.043, 17.0, 0.380185185185, 100.0, 0.164425925926, 100.0, 0.157212962963, 100.0, 
8, 129, 14.6677877644, 2, 0.224, -0.037, -7.0, 0.13, -0.041, 17.0, 0.337046296296, 100.0, -3.0, 83.7487547292, 0.226268518519, 100.0, 
8, 95, 16.9510893277, 2, 0.224, -0.037, -7.0, 0.078, -0.039, 17.0, 0.371564814815, 100.0, 0.180546296296, 100.0, 0.294685185185, 100.0, 
8, 17, 16.599940724, 2, 0.224, -0.037, -7.0, 0.13, 0.043, 17.0, 0.380185185185, 100.0, 0.164425925926, 100.0, 0.157212962963, 100.0, 
8, 132, 16.6523410077, 2, 0.224, -0.142, -7.0, 0.13, 0.043, 17.0, 0.331972222222, 100.0, 0.167666666667, 100.0, 0.23075, 100.0, 
8, 133, 14.8353960893, 2, 0.224, -0.142, -7.0, 0.13, -0.15, 17.0, 0.355166666667, 100.0, -3.0, 82.4839222424, 0.291851851852, 100.0, 
8, 17, 16.599940724, 2, 0.224, -0.037, -7.0, 0.13, 0.043, 17.0, 0.380185185185, 100.0, 0.164425925926, 100.0, 0.157212962963, 100.0, 
8, 135, 16.6911671127, 2, 0.224, -0.142, 4.0, 0.13, 0.043, 17.0, 0.336009259259, 100.0, 0.171861111111, 100.0, 0.238138888889, 100.0, 
8, 17, 16.599940724, 2, 0.224, -0.037, -7.0, 0.13, 0.043, 17.0, 0.380185185185, 100.0, 0.164425925926, 100.0, 0.157212962963, 100.0, 
8, 17, 16.599940724, 2, 0.224, -0.037, -7.0, 0.13, 0.043, 17.0, 0.380185185185, 100.0, 0.164425925926, 100.0, 0.157212962963, 100.0, 
8, 95, 16.9510893277, 2, 0.224, -0.037, -7.0, 0.078, -0.039, 17.0, 0.371564814815, 100.0, 0.180546296296, 100.0, 0.294685185185, 100.0, 
8, 130, 14.3101779917, 2, 0.224, 0.063, -7.0, 0.13, 0.043, 17.0, -1.0, 82.1542928678, 0.174268518519, 100.0, 0.270138888889, 100.0, 
8, 17, 16.599940724, 2, 0.224, -0.037, -7.0, 0.13, 0.043, 17.0, 0.380185185185, 100.0, 0.164425925926, 100.0, 0.157212962963, 100.0, 
8, 65, 14.4762776561, 2, 0.25, -0.1, -20, 0.039, -0.149, 80.0, 0.353101851852, 100.0, -1.0, 81.9093139195, 0.155981481481, 100.0, 
8, 54, 14.5311453692, 2, 0.224, -0.142, -7.0, 0.13, 0.043, 17.0, 0.330638888889, 100.0, -3.0, 82.5658635328, 0.194787037037, 100.0, 
8, 54, 14.5311453692, 2, 0.224, -0.142, -7.0, 0.13, 0.043, 17.0, 0.330638888889, 100.0, -3.0, 82.5658635328, 0.194787037037, 100.0, 
8, 95, 16.9510893277, 2, 0.224, -0.037, -7.0, 0.078, -0.039, 17.0, 0.371564814815, 100.0, 0.180546296296, 100.0, 0.294685185185, 100.0, 
8, 17, 16.599940724, 2, 0.224, -0.037, -7.0, 0.13, 0.043, 17.0, 0.380185185185, 100.0, 0.164425925926, 100.0, 0.157212962963, 100.0, 
8, 17, 16.599940724, 2, 0.224, -0.037, -7.0, 0.13, 0.043, 17.0, 0.380185185185, 100.0, 0.164425925926, 100.0, 0.157212962963, 100.0, 
8, 95, 16.9510893277, 2, 0.224, -0.037, -7.0, 0.078, -0.039, 17.0, 0.371564814815, 100.0, 0.180546296296, 100.0, 0.294685185185, 100.0, 
9, 141, 16.8548785485, 2, 0.224, -0.142, -7.0, 0.13, 0.027, 17.0, 0.333398148148, 100.0, 0.183833333333, 100.0, 0.294398148148, 100.0, 
9, 95, 16.9510893277, 2, 0.224, -0.037, -7.0, 0.078, -0.039, 17.0, 0.371564814815, 100.0, 0.180546296296, 100.0, 0.294685185185, 100.0, 
9, 116, 16.5742171825, 2, 0.224, -0.037, -7.0, 0.064, 0.043, 17.0, 0.335564814815, 100.0, 0.174592592593, 100.0, 0.187777777778, 100.0, 
9, 17, 16.599940724, 2, 0.224, -0.037, -7.0, 0.13, 0.043, 17.0, 0.380185185185, 100.0, 0.164425925926, 100.0, 0.157212962963, 100.0, 
9, 95, 16.9510893277, 2, 0.224, -0.037, -7.0, 0.078, -0.039, 17.0, 0.371564814815, 100.0, 0.180546296296, 100.0, 0.294685185185, 100.0, 
9, 95, 16.9510893277, 2, 0.224, -0.037, -7.0, 0.078, -0.039, 17.0, 0.371564814815, 100.0, 0.180546296296, 100.0, 0.294685185185, 100.0, 
9, 116, 16.5742171825, 2, 0.224, -0.037, -7.0, 0.064, 0.043, 17.0, 0.335564814815, 100.0, 0.174592592593, 100.0, 0.187777777778, 100.0, 
9, 141, 16.8548785485, 2, 0.224, -0.142, -7.0, 0.13, 0.027, 17.0, 0.333398148148, 100.0, 0.183833333333, 100.0, 0.294398148148, 100.0, 
9, 116, 16.5742171825, 2, 0.224, -0.037, -7.0, 0.064, 0.043, 17.0, 0.335564814815, 100.0, 0.174592592593, 100.0, 0.187777777778, 100.0, 
9, 17, 16.599940724, 2, 0.224, -0.037, -7.0, 0.13, 0.043, 17.0, 0.380185185185, 100.0, 0.164425925926, 100.0, 0.157212962963, 100.0, 
9, 141, 16.8548785485, 2, 0.224, -0.142, -7.0, 0.13, 0.027, 17.0, 0.333398148148, 100.0, 0.183833333333, 100.0, 0.294398148148, 100.0, 
9, 130, 14.3101779917, 2, 0.224, 0.063, -7.0, 0.13, 0.043, 17.0, -1.0, 82.1542928678, 0.174268518519, 100.0, 0.270138888889, 100.0, 
9, 120, 14.7689163466, 2, 0.224, -0.142, -7.0, 0.065, 0.043, 17.0, 0.332851851852, 100.0, -3.0, 82.5899119117, 0.287833333333, 100.0, 
9, 95, 16.9510893277, 2, 0.224, -0.037, -7.0, 0.078, -0.039, 17.0, 0.371564814815, 100.0, 0.180546296296, 100.0, 0.294685185185, 100.0, 
9, 120, 14.7689163466, 2, 0.224, -0.142, -7.0, 0.065, 0.043, 17.0, 0.332851851852, 100.0, -3.0, 82.5899119117, 0.287833333333, 100.0, 
9, 95, 16.9510893277, 2, 0.224, -0.037, -7.0, 0.078, -0.039, 17.0, 0.371564814815, 100.0, 0.180546296296, 100.0, 0.294685185185, 100.0, 
9, 139, 16.8144194963, 2, 0.224, -0.037, -7.0, 0.13, 0.037, 17.0, 0.335296296296, 100.0, 0.172638888889, 100.0, 0.286981481481, 100.0, 
9, 135, 16.6911671127, 2, 0.224, -0.142, 4.0, 0.13, 0.043, 17.0, 0.336009259259, 100.0, 0.171861111111, 100.0, 0.238138888889, 100.0, 
9, 54, 14.5311453692, 2, 0.224, -0.142, -7.0, 0.13, 0.043, 17.0, 0.330638888889, 100.0, -3.0, 82.5658635328, 0.194787037037, 100.0, 
9, 135, 16.6911671127, 2, 0.224, -0.142, 4.0, 0.13, 0.043, 17.0, 0.336009259259, 100.0, 0.171861111111, 100.0, 0.238138888889, 100.0, 
9, 116, 16.5742171825, 2, 0.224, -0.037, -7.0, 0.064, 0.043, 17.0, 0.335564814815, 100.0, 0.174592592593, 100.0, 0.187777777778, 100.0, 
9, 17, 16.599940724, 2, 0.224, -0.037, -7.0, 0.13, 0.043, 17.0, 0.380185185185, 100.0, 0.164425925926, 100.0, 0.157212962963, 100.0, 
9, 95, 16.9510893277, 2, 0.224, -0.037, -7.0, 0.078, -0.039, 17.0, 0.371564814815, 100.0, 0.180546296296, 100.0, 0.294685185185, 100.0, 
9, 17, 16.599940724, 2, 0.224, -0.037, -7.0, 0.13, 0.043, 17.0, 0.380185185185, 100.0, 0.164425925926, 100.0, 0.157212962963, 100.0, 
9, 141, 16.8548785485, 2, 0.224, -0.142, -7.0, 0.13, 0.027, 17.0, 0.333398148148, 100.0, 0.183833333333, 100.0, 0.294398148148, 100.0, 
9, 141, 16.8548785485, 2, 0.224, -0.142, -7.0, 0.13, 0.027, 17.0, 0.333398148148, 100.0, 0.183833333333, 100.0, 0.294398148148, 100.0, 
9, 95, 16.9510893277, 2, 0.224, -0.037, -7.0, 0.078, -0.039, 17.0, 0.371564814815, 100.0, 0.180546296296, 100.0, 0.294685185185, 100.0, 
9, 141, 16.8548785485, 2, 0.224, -0.142, -7.0, 0.13, 0.027, 17.0, 0.333398148148, 100.0, 0.183833333333, 100.0, 0.294398148148, 100.0, 
9, 95, 16.9510893277, 2, 0.224, -0.037, -7.0, 0.078, -0.039, 17.0, 0.371564814815, 100.0, 0.180546296296, 100.0, 0.294685185185, 100.0, 
9, 95, 16.9510893277, 2, 0.224, -0.037, -7.0, 0.078, -0.039, 17.0, 0.371564814815, 100.0, 0.180546296296, 100.0, 0.294685185185, 100.0, 
9, 17, 16.599940724, 2, 0.224, -0.037, -7.0, 0.13, 0.043, 17.0, 0.380185185185, 100.0, 0.164425925926, 100.0, 0.157212962963, 100.0, 
9, 17, 16.599940724, 2, 0.224, -0.037, -7.0, 0.13, 0.043, 17.0, 0.380185185185, 100.0, 0.164425925926, 100.0, 0.157212962963, 100.0, 
9, 120, 14.7689163466, 2, 0.224, -0.142, -7.0, 0.065, 0.043, 17.0, 0.332851851852, 100.0, -3.0, 82.5899119117, 0.287833333333, 100.0, 
9, 145, 16.7444719324, 2, 0.224, -0.037, -7.0, 0.13, 0.043, 17.0, 0.332231481481, 100.0, 0.154231481481, 100.0, 0.279601851852, 100.0, 
9, 144, 12.2528249016, 2, 0.224, -0.142, -7.0, 0.13, 0.043, 17.0, 0.339222222222, 100.0, -1.0, 0.0, 0.208018518519, 100.0, 
9, 17, 16.599940724, 2, 0.224, -0.037, -7.0, 0.13, 0.043, 17.0, 0.380185185185, 100.0, 0.164425925926, 100.0, 0.157212962963, 100.0, 
9, 54, 14.5311453692, 2, 0.224, -0.142, -7.0, 0.13, 0.043, 17.0, 0.330638888889, 100.0, -3.0, 82.5658635328, 0.194787037037, 100.0, 
9, 141, 16.8548785485, 2, 0.224, -0.142, -7.0, 0.13, 0.027, 17.0, 0.333398148148, 100.0, 0.183833333333, 100.0, 0.294398148148, 100.0, 
9, 17, 16.599940724, 2, 0.224, -0.037, -7.0, 0.13, 0.043, 17.0, 0.380185185185, 100.0, 0.164425925926, 100.0, 0.157212962963, 100.0, 
9, 95, 16.9510893277, 2, 0.224, -0.037, -7.0, 0.078, -0.039, 17.0, 0.371564814815, 100.0, 0.180546296296, 100.0, 0.294685185185, 100.0, 
10, 156, 16.7181667876, 2, 0.224, -0.142, -7.0, 0.021, 0.043, 17.0, 0.335009259259, 100.0, 0.183009259259, 100.0, 0.239518518519, 100.0, 
10, 141, 16.8548785485, 2, 0.224, -0.142, -7.0, 0.13, 0.027, 17.0, 0.333398148148, 100.0, 0.183833333333, 100.0, 0.294398148148, 100.0, 
10, 95, 16.9510893277, 2, 0.224, -0.037, -7.0, 0.078, -0.039, 17.0, 0.371564814815, 100.0, 0.180546296296, 100.0, 0.294685185185, 100.0, 
10, 95, 16.9510893277, 2, 0.224, -0.037, -7.0, 0.078, -0.039, 17.0, 0.371564814815, 100.0, 0.180546296296, 100.0, 0.294685185185, 100.0, 
10, 116, 16.5742171825, 2, 0.224, -0.037, -7.0, 0.064, 0.043, 17.0, 0.335564814815, 100.0, 0.174592592593, 100.0, 0.187777777778, 100.0, 
10, 139, 16.8144194963, 2, 0.224, -0.037, -7.0, 0.13, 0.037, 17.0, 0.335296296296, 100.0, 0.172638888889, 100.0, 0.286981481481, 100.0, 
10, 95, 16.9510893277, 2, 0.224, -0.037, -7.0, 0.078, -0.039, 17.0, 0.371564814815, 100.0, 0.180546296296, 100.0, 0.294685185185, 100.0, 
10, 156, 16.7181667876, 2, 0.224, -0.142, -7.0, 0.021, 0.043, 17.0, 0.335009259259, 100.0, 0.183009259259, 100.0, 0.239518518519, 100.0, 
10, 141, 16.8548785485, 2, 0.224, -0.142, -7.0, 0.13, 0.027, 17.0, 0.333398148148, 100.0, 0.183833333333, 100.0, 0.294398148148, 100.0, 
10, 120, 14.7689163466, 2, 0.224, -0.142, -7.0, 0.065, 0.043, 17.0, 0.332851851852, 100.0, -3.0, 82.5899119117, 0.287833333333, 100.0, 
10, 17, 16.599940724, 2, 0.224, -0.037, -7.0, 0.13, 0.043, 17.0, 0.380185185185, 100.0, 0.164425925926, 100.0, 0.157212962963, 100.0, 
10, 139, 16.8144194963, 2, 0.224, -0.037, -7.0, 0.13, 0.037, 17.0, 0.335296296296, 100.0, 0.172638888889, 100.0, 0.286981481481, 100.0, 
10, 135, 16.6911671127, 2, 0.224, -0.142, 4.0, 0.13, 0.043, 17.0, 0.336009259259, 100.0, 0.171861111111, 100.0, 0.238138888889, 100.0, 
10, 95, 16.9510893277, 2, 0.224, -0.037, -7.0, 0.078, -0.039, 17.0, 0.371564814815, 100.0, 0.180546296296, 100.0, 0.294685185185, 100.0, 
10, 17, 16.599940724, 2, 0.224, -0.037, -7.0, 0.13, 0.043, 17.0, 0.380185185185, 100.0, 0.164425925926, 100.0, 0.157212962963, 100.0, 
10, 135, 16.6911671127, 2, 0.224, -0.142, 4.0, 0.13, 0.043, 17.0, 0.336009259259, 100.0, 0.171861111111, 100.0, 0.238138888889, 100.0, 
10, 130, 14.3101779917, 2, 0.224, 0.063, -7.0, 0.13, 0.043, 17.0, -1.0, 82.1542928678, 0.174268518519, 100.0, 0.270138888889, 100.0, 
10, 95, 16.9510893277, 2, 0.224, -0.037, -7.0, 0.078, -0.039, 17.0, 0.371564814815, 100.0, 0.180546296296, 100.0, 0.294685185185, 100.0, 
10, 141, 16.8548785485, 2, 0.224, -0.142, -7.0, 0.13, 0.027, 17.0, 0.333398148148, 100.0, 0.183833333333, 100.0, 0.294398148148, 100.0, 
10, 95, 16.9510893277, 2, 0.224, -0.037, -7.0, 0.078, -0.039, 17.0, 0.371564814815, 100.0, 0.180546296296, 100.0, 0.294685185185, 100.0, 
10, 149, 16.6898782437, 2, 0.224, -0.137, -7.0, 0.065, 0.043, 17.0, 0.337527777778, 100.0, 0.171768518519, 100.0, 0.236064814815, 100.0, 
10, 95, 16.9510893277, 2, 0.224, -0.037, -7.0, 0.078, -0.039, 17.0, 0.371564814815, 100.0, 0.180546296296, 100.0, 0.294685185185, 100.0, 
10, 95, 16.9510893277, 2, 0.224, -0.037, -7.0, 0.078, -0.039, 17.0, 0.371564814815, 100.0, 0.180546296296, 100.0, 0.294685185185, 100.0, 
10, 141, 16.8548785485, 2, 0.224, -0.142, -7.0, 0.13, 0.027, 17.0, 0.333398148148, 100.0, 0.183833333333, 100.0, 0.294398148148, 100.0, 
10, 120, 14.7689163466, 2, 0.224, -0.142, -7.0, 0.065, 0.043, 17.0, 0.332851851852, 100.0, -3.0, 82.5899119117, 0.287833333333, 100.0, 
10, 95, 16.9510893277, 2, 0.224, -0.037, -7.0, 0.078, -0.039, 17.0, 0.371564814815, 100.0, 0.180546296296, 100.0, 0.294685185185, 100.0, 
10, 116, 16.5742171825, 2, 0.224, -0.037, -7.0, 0.064, 0.043, 17.0, 0.335564814815, 100.0, 0.174592592593, 100.0, 0.187777777778, 100.0, 
10, 135, 16.6911671127, 2, 0.224, -0.142, 4.0, 0.13, 0.043, 17.0, 0.336009259259, 100.0, 0.171861111111, 100.0, 0.238138888889, 100.0, 
10, 95, 16.9510893277, 2, 0.224, -0.037, -7.0, 0.078, -0.039, 17.0, 0.371564814815, 100.0, 0.180546296296, 100.0, 0.294685185185, 100.0, 
10, 17, 16.599940724, 2, 0.224, -0.037, -7.0, 0.13, 0.043, 17.0, 0.380185185185, 100.0, 0.164425925926, 100.0, 0.157212962963, 100.0, 
10, 141, 16.8548785485, 2, 0.224, -0.142, -7.0, 0.13, 0.027, 17.0, 0.333398148148, 100.0, 0.183833333333, 100.0, 0.294398148148, 100.0, 
10, 148, 14.318053167, 2, 0.224, 0.063, -7.0, 0.064, 0.043, 17.0, -1.0, 84.690861503, 0.172898148148, 100.0, 0.237453703704, 100.0, 
10, 17, 16.599940724, 2, 0.224, -0.037, -7.0, 0.13, 0.043, 17.0, 0.380185185185, 100.0, 0.164425925926, 100.0, 0.157212962963, 100.0, 
10, 135, 16.6911671127, 2, 0.224, -0.142, 4.0, 0.13, 0.043, 17.0, 0.336009259259, 100.0, 0.171861111111, 100.0, 0.238138888889, 100.0, 
10, 95, 16.9510893277, 2, 0.224, -0.037, -7.0, 0.078, -0.039, 17.0, 0.371564814815, 100.0, 0.180546296296, 100.0, 0.294685185185, 100.0, 
10, 95, 16.9510893277, 2, 0.224, -0.037, -7.0, 0.078, -0.039, 17.0, 0.371564814815, 100.0, 0.180546296296, 100.0, 0.294685185185, 100.0, 
10, 54, 14.5311453692, 2, 0.224, -0.142, -7.0, 0.13, 0.043, 17.0, 0.330638888889, 100.0, -3.0, 82.5658635328, 0.194787037037, 100.0, 
10, 141, 16.8548785485, 2, 0.224, -0.142, -7.0, 0.13, 0.027, 17.0, 0.333398148148, 100.0, 0.183833333333, 100.0, 0.294398148148, 100.0, 
10, 141, 16.8548785485, 2, 0.224, -0.142, -7.0, 0.13, 0.027, 17.0, 0.333398148148, 100.0, 0.183833333333, 100.0, 0.294398148148, 100.0, 
10, 95, 16.9510893277, 2, 0.224, -0.037, -7.0, 0.078, -0.039, 17.0, 0.371564814815, 100.0, 0.180546296296, 100.0, 0.294685185185, 100.0, 
11, 165, 16.9352993581, 2, 0.224, -0.037, -7.0, 0.13, 0.043, 17.0, 0.373490740741, 100.0, 0.183888888889, 100.0, 0.283444444444, 100.0, 
11, 141, 16.8548785485, 2, 0.224, -0.142, -7.0, 0.13, 0.027, 17.0, 0.333398148148, 100.0, 0.183833333333, 100.0, 0.294398148148, 100.0, 
11, 95, 16.9510893277, 2, 0.224, -0.037, -7.0, 0.078, -0.039, 17.0, 0.371564814815, 100.0, 0.180546296296, 100.0, 0.294685185185, 100.0, 
11, 95, 16.9510893277, 2, 0.224, -0.037, -7.0, 0.078, -0.039, 17.0, 0.371564814815, 100.0, 0.180546296296, 100.0, 0.294685185185, 100.0, 
11, 166, 10.7668411395, 2, 0.224, -0.142, 4.0, 0.13, -0.095, 17.0, -3.0, 62.9417028799, -1.0, 63.3208852348, 0.201861111111, 100.0, 
11, 141, 16.8548785485, 2, 0.224, -0.142, -7.0, 0.13, 0.027, 17.0, 0.333398148148, 100.0, 0.183833333333, 100.0, 0.294398148148, 100.0, 
11, 160, 16.7410058783, 2, 0.224, -0.038, -7.0, 0.065, 0.043, 17.0, 0.366481481481, 100.0, 0.173759259259, 100.0, 0.22312037037, 100.0, 
11, 95, 16.9510893277, 2, 0.224, -0.037, -7.0, 0.078, -0.039, 17.0, 0.371564814815, 100.0, 0.180546296296, 100.0, 0.294685185185, 100.0, 
11, 141, 16.8548785485, 2, 0.224, -0.142, -7.0, 0.13, 0.027, 17.0, 0.333398148148, 100.0, 0.183833333333, 100.0, 0.294398148148, 100.0, 
11, 135, 16.6911671127, 2, 0.224, -0.142, 4.0, 0.13, 0.043, 17.0, 0.336009259259, 100.0, 0.171861111111, 100.0, 0.238138888889, 100.0, 
11, 95, 16.9510893277, 2, 0.224, -0.037, -7.0, 0.078, -0.039, 17.0, 0.371564814815, 100.0, 0.180546296296, 100.0, 0.294685185185, 100.0, 
11, 171, 16.7598714824, 2, 0.224, -0.037, -7.0, 0.13, 0.043, 17.0, 0.371231481481, 100.0, 0.18425, 100.0, 0.21537962963, 100.0, 
11, 160, 16.7410058783, 2, 0.224, -0.038, -7.0, 0.065, 0.043, 17.0, 0.366481481481, 100.0, 0.173759259259, 100.0, 0.22312037037, 100.0, 
11, 139, 16.8144194963, 2, 0.224, -0.037, -7.0, 0.13, 0.037, 17.0, 0.335296296296, 100.0, 0.172638888889, 100.0, 0.286981481481, 100.0, 
11, 156, 16.7181667876, 2, 0.224, -0.142, -7.0, 0.021, 0.043, 17.0, 0.335009259259, 100.0, 0.183009259259, 100.0, 0.239518518519, 100.0, 
11, 141, 16.8548785485, 2, 0.224, -0.142, -7.0, 0.13, 0.027, 17.0, 0.333398148148, 100.0, 0.183833333333, 100.0, 0.294398148148, 100.0, 
11, 139, 16.8144194963, 2, 0.224, -0.037, -7.0, 0.13, 0.037, 17.0, 0.335296296296, 100.0, 0.172638888889, 100.0, 0.286981481481, 100.0, 
11, 95, 16.9510893277, 2, 0.224, -0.037, -7.0, 0.078, -0.039, 17.0, 0.371564814815, 100.0, 0.180546296296, 100.0, 0.294685185185, 100.0, 
11, 139, 16.8144194963, 2, 0.224, -0.037, -7.0, 0.13, 0.037, 17.0, 0.335296296296, 100.0, 0.172638888889, 100.0, 0.286981481481, 100.0, 
11, 172, 16.8725336694, 2, 0.224, -0.037, -7.0, 0.13, 0.037, 17.0, 0.363, 100.0, 0.174074074074, 100.0, 0.279185185185, 100.0, 
11, 116, 16.5742171825, 2, 0.224, -0.037, -7.0, 0.064, 0.043, 17.0, 0.335564814815, 100.0, 0.174592592593, 100.0, 0.187777777778, 100.0, 
11, 135, 16.6911671127, 2, 0.224, -0.142, 4.0, 0.13, 0.043, 17.0, 0.336009259259, 100.0, 0.171861111111, 100.0, 0.238138888889, 100.0, 
11, 95, 16.9510893277, 2, 0.224, -0.037, -7.0, 0.078, -0.039, 17.0, 0.371564814815, 100.0, 0.180546296296, 100.0, 0.294685185185, 100.0, 
11, 141, 16.8548785485, 2, 0.224, -0.142, -7.0, 0.13, 0.027, 17.0, 0.333398148148, 100.0, 0.183833333333, 100.0, 0.294398148148, 100.0, 
11, 156, 16.7181667876, 2, 0.224, -0.142, -7.0, 0.021, 0.043, 17.0, 0.335009259259, 100.0, 0.183009259259, 100.0, 0.239518518519, 100.0, 
11, 139, 16.8144194963, 2, 0.224, -0.037, -7.0, 0.13, 0.037, 17.0, 0.335296296296, 100.0, 0.172638888889, 100.0, 0.286981481481, 100.0, 
11, 95, 16.9510893277, 2, 0.224, -0.037, -7.0, 0.078, -0.039, 17.0, 0.371564814815, 100.0, 0.180546296296, 100.0, 0.294685185185, 100.0, 
11, 95, 16.9510893277, 2, 0.224, -0.037, -7.0, 0.078, -0.039, 17.0, 0.371564814815, 100.0, 0.180546296296, 100.0, 0.294685185185, 100.0, 
11, 95, 16.9510893277, 2, 0.224, -0.037, -7.0, 0.078, -0.039, 17.0, 0.371564814815, 100.0, 0.180546296296, 100.0, 0.294685185185, 100.0, 
11, 156, 16.7181667876, 2, 0.224, -0.142, -7.0, 0.021, 0.043, 17.0, 0.335009259259, 100.0, 0.183009259259, 100.0, 0.239518518519, 100.0, 
11, 141, 16.8548785485, 2, 0.224, -0.142, -7.0, 0.13, 0.027, 17.0, 0.333398148148, 100.0, 0.183833333333, 100.0, 0.294398148148, 100.0, 
11, 141, 16.8548785485, 2, 0.224, -0.142, -7.0, 0.13, 0.027, 17.0, 0.333398148148, 100.0, 0.183833333333, 100.0, 0.294398148148, 100.0, 
11, 95, 16.9510893277, 2, 0.224, -0.037, -7.0, 0.078, -0.039, 17.0, 0.371564814815, 100.0, 0.180546296296, 100.0, 0.294685185185, 100.0, 
11, 95, 16.9510893277, 2, 0.224, -0.037, -7.0, 0.078, -0.039, 17.0, 0.371564814815, 100.0, 0.180546296296, 100.0, 0.294685185185, 100.0, 
11, 135, 16.6911671127, 2, 0.224, -0.142, 4.0, 0.13, 0.043, 17.0, 0.336009259259, 100.0, 0.171861111111, 100.0, 0.238138888889, 100.0, 
11, 165, 16.9352993581, 2, 0.224, -0.037, -7.0, 0.13, 0.043, 17.0, 0.373490740741, 100.0, 0.183888888889, 100.0, 0.283444444444, 100.0, 
11, 139, 16.8144194963, 2, 0.224, -0.037, -7.0, 0.13, 0.037, 17.0, 0.335296296296, 100.0, 0.172638888889, 100.0, 0.286981481481, 100.0, 
11, 177, 14.4726319606, 2, 0.224, -0.037, -7.0, 0.13, 0.043, 17.0, 0.338351851852, 100.0, -3.0, 83.2388301685, 0.150564814815, 100.0, 
11, 156, 16.7181667876, 2, 0.224, -0.142, -7.0, 0.021, 0.043, 17.0, 0.335009259259, 100.0, 0.183009259259, 100.0, 0.239518518519, 100.0, 
11, 130, 14.3101779917, 2, 0.224, 0.063, -7.0, 0.13, 0.043, 17.0, -1.0, 82.1542928678, 0.174268518519, 100.0, 0.270138888889, 100.0, 
