*****Sonar Placement GA Expirement*****
Start Time: 2017-11-25 18:31:20.100208
Rand_seed:18
End Time: 
Running Time: 
Population size:30
Generation Count:25
Mutation Probability:0.15
Cross Over Probability:0.25
***** Constraints *****
Max Number of Sensors: 10
X Position: [0, 100]
Y Position: [0, 100]
Z Orient: [-90, 90]
***** Enviroment Factors *****
Sensor Knockout: True
Sensor Knockout Type: complete
Max Sim Time: 270
*****************************
Generation, ID, Fitness, Number of Sonar, S1_P_X, S1_P_Y, S1_O, S2_P_X, S2_P_Y, S2_O, S3_P_X, S3_P_Y, S3_O, S4_P_X, S4_P_Y, S4_O, S5_P_X, S5_P_Y, S5_O, S6_P_X, S6_P_Y, S6_O, S7_P_X, S7_P_Y, S7_O, S8_P_X, S8_P_Y, S8_O, S9_P_X, S9_P_Y, S9_O, S10_P_X, S10_P_Y, S10_O, Raw Fitness
0, 0, 6.48176351488, 9, 0.211, -0.137, -7, 0.245, 0.133, 72, 0.241, -0.116, -34, 0.04, 0.116, 42, 0.05, -0.133, -51, 0.204, 0.137, 74, 0.06, -0.136, -56, 0.074, 0.137, 84, 0.216, 0.043, 18,  , , , 0.20137962963, 100.0, -1.0, 21.4228124106, -1.0, 50.4692846737, 
0, 1, 8.41707948126, 1, 0.066, 0.116, 72,  , , ,  , , ,  , , ,  , , ,  , , ,  , , ,  , , ,  , , ,  , , , -1.0, 23.1800727758, -1.0, 24.681050027, 0.282657407407, 100.0, 
0, 2, 8.94023070588, 3, 0.218, 0.12, 65, 0.226, 0.126, 55, 0.247, -0.122, -37,  , , ,  , , ,  , , ,  , , ,  , , ,  , , ,  , , , -1.0, 43.6567229517, -3.0, 44.8958350319, 0.295, 100.0, 
0, 3, 6.05798632523, 8, 0.038, 0.13, 75, 0.116, 0.126, 83, 0.162, -0.144, -80, 0.227, 0.139, 55, 0.204, 0.133, 7, 0.086, 0.104, 44, 0.16, -0.109, -79, 0.068, -0.127, -75,  , , ,  , , , -1.0, 43.640279166, -1.0, 4.11760574744, 0.144851851852, 100.0, 
0, 4, 5.74787471935, 9, 0.248, -0.101, -2, 0.231, -0.112, -42, 0.104, -0.123, -73, 0.245, -0.127, -36, 0.046, -0.119, -51, 0.226, 0.121, 86, 0.246, 0.137, 62, 0.213, -0.141, -89, 0.218, -0.12, -56,  , , , -1.0, 42.5642627081, -1.0, 4.96486277304, 0.146148148148, 100.0, 
0, 5, 8.92278154546, 3, 0.218, -0.114, -63, 0.234, -0.104, -63, 0.128, 0.11, 50,  , , ,  , , ,  , , ,  , , ,  , , ,  , , ,  , , , -1.0, 43.9698503254, -1.0, 43.9625338853, 0.295194444444, 100.0, 
0, 6, 8.33564192173, 3, 0.076, -0.146, -46, 0.239, 0.126, 60, 0.112, -0.14, -75,  , , ,  , , ,  , , ,  , , ,  , , ,  , , ,  , , , -1.0, 43.9342458823, -1.0, 24.6160559775, 0.269259259259, 100.0, 
0, 7, 8.92738617552, 1, 0.246, 0.102, 21,  , , ,  , , ,  , , ,  , , ,  , , ,  , , ,  , , ,  , , ,  , , , -1.0, 43.7397768473, -1.0, 22.2124612452, 0.291388888889, 100.0, 
0, 8, 8.05260664298, 4, 0.066, -0.129, -79, 0.247, -0.132, -75, 0.112, -0.146, -61, 0.2, 0.1, 13,  , , ,  , , ,  , , ,  , , ,  , , ,  , , , -1.0, 43.9540778353, -1.0, 24.5237608768, 0.276601851852, 100.0, 
0, 9, 6.6057297967, 9, 0.08, 0.121, 66, 0.004, -0.132, -61, 0.072, -0.143, -85, 0.178, 0.118, 56, 0.21, -0.136, -16, 0.207, -0.1, -64, 0.092, 0.12, 66, 0.176, -0.118, -66, 0.05, -0.108, -86,  , , , -1.0, 49.9255829104, -1.0, 22.6476934932, 0.246481481481, 100.0, 
0, 10, 11.0557307722, 5, 0.08, -0.133, -63, 0.203, 0.118, 23, 0.245, 0.103, 18, 0.207, -0.112, -7, 0.02, -0.126, -70,  , , ,  , , ,  , , ,  , , ,  , , , 0.213157407407, 100.0, -3.0, 23.2985313927, 0.250490740741, 100.0, 
0, 11, 7.71680699336, 5, 0.223, 0.125, 37, 0.202, -0.113, -84, 0.217, -0.106, -84, 0.233, 0.138, 71, 0.182, -0.13, -45,  , , ,  , , ,  , , ,  , , ,  , , , -1.0, 43.9455932729, -1.0, 23.1550143964, 0.275953703704, 100.0, 
0, 12, 7.14264685829, 5, 0.156, 0.106, 74, 0.201, 0.109, 83, 0.24, -0.101, -62, 0.234, -0.105, -94, 0.01, -0.123, -77,  , , ,  , , ,  , , ,  , , ,  , , , -1.0, 23.2200414626, -3.0, 22.7178913463, 0.272148148148, 100.0, 
0, 13, 5.48441610335, 9, 0.122, -0.139, -59, 0.184, 0.11, 64, 0.036, 0.122, 40, 0.241, 0.138, 98, 0.205, 0.098, -19, 0.052, -0.107, -68, 0.213, -0.015, 18, 0.218, -0.003, -26, 0.248, -0.117, -19,  , , , -3.0, 27.9700366029, -3.0, 22.5459159901, 0.0222685185185, 100.0, 
0, 14, 3.84663688091, 1, 0.245, -0.102, -59,  , , ,  , , ,  , , ,  , , ,  , , ,  , , ,  , , ,  , , ,  , , , -1.0, 23.1971445505, -1.0, 5.3152071388, -1.0, 23.2783011279, 
0, 15, 6.76677500085, 9, 0.026, 0.13, 61, 0.156, -0.124, -70, 0.152, 0.128, 40, 0.146, 0.122, 46, 0.226, 0.065, 26, 0.14, 0.117, 63, 0.238, -0.137, -6, 0.241, 0.1, 9, 0.192, 0.125, 86,  , , , -1.0, 61.9078289986, -3.0, 21.6530559736, 0.168509259259, 100.0, 
0, 16, 2.51455265571, 9, 0.2, -0.111, -57, 0.182, 0.139, 87, 0.132, -0.108, -80, 0.194, -0.142, -66, 0.217, -0.005, 19, 0.106, 0.106, 53, 0.215, 0.098, 3, 0.234, -0.067, 4, 0.136, 0.134, 59,  , , , -1.0, 43.9805976508, -1.0, 25.288956351, -1.0, 25.3706164685, 
0, 17, 7.47416052303, 5, 0.241, 0.12, 32, 0.066, 0.111, 87, 0.024, -0.145, -44, 0.006, -0.116, -89, 0.222, 0.01, 6,  , , ,  , , ,  , , ,  , , ,  , , , -1.0, 43.9293954418, -3.0, 22.1932410726, 0.187212962963, 100.0, 
0, 18, 5.86338001219, 9, 0.108, -0.13, -65, 0.201, 0.135, 93, 0.217, -0.143, -76, 0.118, -0.12, -59, 0.249, 0.113, 28, 0.17, 0.102, 61, 0.203, -0.1, -59, 0.227, -0.135, -13, 0.226, 0.027, 29,  , , , -3.0, 25.2772017427, -3.0, 22.1038244644, 0.225972222222, 100.0, 
0, 19, 5.69563360201, 9, 0.198, -0.123, -71, 0.245, -0.105, -56, 0.02, -0.138, -66, 0.247, -0.04, -5, 0.211, 0.122, 37, 0.241, -0.136, -70, 0.082, -0.127, -66, 0.13, -0.133, -59, 0.237, 0.113, 46,  , , , -3.0, 22.5484334006, -1.0, 24.1133624664, 0.163361111111, 100.0, 
0, 20, 6.84129066815, 7, 0.06, 0.141, 62, 0.232, 0.148, 52, 0.094, -0.121, -49, 0.208, -0.027, -16, 0.206, -0.138, -85, 0.213, 0.07, -18, 0.03, 0.103, 82,  , , ,  , , ,  , , , -3.0, 42.4635438448, -3.0, 22.6389882801, 0.186453703704, 100.0, 
0, 21, 8.96256961193, 1, 0.112, 0.123, 59,  , , ,  , , ,  , , ,  , , ,  , , ,  , , ,  , , ,  , , ,  , , , -1.0, 43.7545148491, -1.0, 24.1791864192, 0.286074074074, 100.0, 
0, 22, 4.03988206461, 4, 0.108, -0.106, -65, 0.201, -0.125, -15, 0.2, 0.123, 20, 0.02, -0.113, -79,  , , ,  , , ,  , , ,  , , ,  , , ,  , , , -1.0, 42.6481803129, -1.0, 5.36147959362, -1.0, 44.7386469379, 
0, 23, 6.86344408657, 7, 0.074, 0.114, 40, 0.006, 0.124, 61, 0.008, 0.104, 57, 0.056, 0.102, 74, 0.25, -0.098, -28, 0.162, 0.128, 70, 0.237, -0.13, -72,  , , ,  , , ,  , , , 0.138435185185, 100.0, -1.0, 22.7776410727, -1.0, 46.9685170698, 
0, 24, 6.2992041135, 9, 0.212, -0.003, -1, 0.154, -0.113, -88, 0.227, 0.124, 76, 0.216, -0.108, -60, 0.12, 0.145, 62, 0.247, -0.107, -16, 0.225, 0.038, -4, 0.124, 0.106, 74, 0.208, 0.146, 17,  , , , -3.0, 43.6037318024, -3.0, 23.022055813, 0.19312962963, 100.0, 
0, 25, 8.88881356294, 5, 0.226, 0.128, 97, 0.238, 0.136, 14, 0.204, -0.136, -72, 0.194, -0.117, -56, 0.225, -0.136, -82,  , , ,  , , ,  , , ,  , , ,  , , , -3.0, 82.9328888154, -1.0, 22.6381470326, 0.240305555556, 100.0, 
0, 26, 9.88385781608, 8, 0.072, 0.135, 58, 0.213, -0.045, 13, 0.207, -0.149, -84, 0.072, 0.141, 58, 0.012, -0.136, -57, 0.068, -0.14, -83, 0.214, -0.124, -25, 0.134, -0.115, -70,  , , ,  , , , 0.139953703704, 100.0, -1.0, 21.5615389323, 0.227453703704, 100.0, 
0, 27, 7.46632508253, 2, 0.228, -0.136, -99, 0.231, -0.113, -79,  , , ,  , , ,  , , ,  , , ,  , , ,  , , ,  , , ,  , , , -1.0, 23.202788646, -1.0, 5.38229010986, 0.19912037037, 100.0, 
0, 28, 2.96051470593, 9, 0.208, 0.02, -6, 0.217, -0.057, -2, 0.249, -0.144, -89, 0.211, -0.13, -18, 0.25, -0.022, -28, 0.056, 0.148, 61, 0.086, -0.131, -61, 0.217, 0.108, 0, 0.008, -0.144, -49,  , , , -3.0, 43.2980633556, -3.0, 23.4903451529, -1.0, 44.2946525406, 
0, 29, 10.2786709148, 5, 0.106, 0.132, 51, 0.07, 0.118, 77, 0.201, 0.15, 38, 0.078, 0.117, 88, 0.098, -0.107, -43,  , , ,  , , ,  , , ,  , , ,  , , , 0.0688518518519, 100.0, -3.0, 4.43299956114, 0.243222222222, 100.0, 
1, 10, 11.0557307722, 5, 0.08, -0.133, -63, 0.203, 0.118, 23, 0.245, 0.103, 18, 0.207, -0.112, -7, 0.02, -0.126, -70,  , , ,  , , ,  , , ,  , , ,  , , , 0.213157407407, 100.0, -3.0, 23.2985313927, 0.250490740741, 100.0, 
1, 27, 7.46632508253, 2, 0.228, -0.136, -99, 0.231, -0.113, -79,  , , ,  , , ,  , , ,  , , ,  , , ,  , , ,  , , ,  , , , -1.0, 23.202788646, -1.0, 5.38229010986, 0.19912037037, 100.0, 
1, 29, 10.2786709148, 5, 0.106, 0.132, 51, 0.07, 0.118, 77, 0.201, 0.15, 38, 0.078, 0.117, 88, 0.098, -0.107, -43,  , , ,  , , ,  , , ,  , , ,  , , , 0.0688518518519, 100.0, -3.0, 4.43299956114, 0.243222222222, 100.0, 
1, 7, 8.92738617552, 1, 0.246, 0.102, 21,  , , ,  , , ,  , , ,  , , ,  , , ,  , , ,  , , ,  , , ,  , , , -1.0, 43.7397768473, -1.0, 22.2124612452, 0.291388888889, 100.0, 
1, 26, 9.88385781608, 8, 0.072, 0.135, 58, 0.213, -0.045, 13, 0.207, -0.149, -84, 0.072, 0.141, 58, 0.012, -0.136, -57, 0.068, -0.14, -83, 0.214, -0.124, -25, 0.134, -0.115, -70,  , , ,  , , , 0.139953703704, 100.0, -1.0, 21.5615389323, 0.227453703704, 100.0, 
1, 15, 6.76677500085, 9, 0.026, 0.13, 61, 0.156, -0.124, -70, 0.152, 0.128, 40, 0.146, 0.122, 46, 0.226, 0.065, 26, 0.14, 0.117, 63, 0.238, -0.137, -6, 0.241, 0.1, 9, 0.192, 0.125, 86,  , , , -1.0, 61.9078289986, -3.0, 21.6530559736, 0.168509259259, 100.0, 
1, 25, 8.88881356294, 5, 0.226, 0.128, 97, 0.238, 0.136, 14, 0.204, -0.136, -72, 0.194, -0.117, -56, 0.225, -0.136, -82,  , , ,  , , ,  , , ,  , , ,  , , , -3.0, 82.9328888154, -1.0, 22.6381470326, 0.240305555556, 100.0, 
1, 3, 6.05798632523, 8, 0.038, 0.13, 75, 0.116, 0.126, 83, 0.162, -0.144, -80, 0.227, 0.139, 55, 0.204, 0.133, 7, 0.086, 0.104, 44, 0.16, -0.109, -79, 0.068, -0.127, -75,  , , ,  , , , -1.0, 43.640279166, -1.0, 4.11760574744, 0.144851851852, 100.0, 
1, 5, 8.92278154546, 3, 0.218, -0.114, -63, 0.234, -0.104, -63, 0.128, 0.11, 50,  , , ,  , , ,  , , ,  , , ,  , , ,  , , ,  , , , -1.0, 43.9698503254, -1.0, 43.9625338853, 0.295194444444, 100.0, 
1, 18, 5.86338001219, 9, 0.108, -0.13, -65, 0.201, 0.135, 93, 0.217, -0.143, -76, 0.118, -0.12, -59, 0.249, 0.113, 28, 0.17, 0.102, 61, 0.203, -0.1, -59, 0.227, -0.135, -13, 0.226, 0.027, 29,  , , , -3.0, 25.2772017427, -3.0, 22.1038244644, 0.225972222222, 100.0, 
1, 1, 8.41707948126, 1, 0.066, 0.116, 72,  , , ,  , , ,  , , ,  , , ,  , , ,  , , ,  , , ,  , , ,  , , , -1.0, 23.1800727758, -1.0, 24.681050027, 0.282657407407, 100.0, 
1, 29, 10.2786709148, 5, 0.106, 0.132, 51, 0.07, 0.118, 77, 0.201, 0.15, 38, 0.078, 0.117, 88, 0.098, -0.107, -43,  , , ,  , , ,  , , ,  , , ,  , , , 0.0688518518519, 100.0, -3.0, 4.43299956114, 0.243222222222, 100.0, 
1, 17, 7.47416052303, 5, 0.241, 0.12, 32, 0.066, 0.111, 87, 0.024, -0.145, -44, 0.006, -0.116, -89, 0.222, 0.01, 6,  , , ,  , , ,  , , ,  , , ,  , , , -1.0, 43.9293954418, -3.0, 22.1932410726, 0.187212962963, 100.0, 
1, 17, 7.47416052303, 5, 0.241, 0.12, 32, 0.066, 0.111, 87, 0.024, -0.145, -44, 0.006, -0.116, -89, 0.222, 0.01, 6,  , , ,  , , ,  , , ,  , , ,  , , , -1.0, 43.9293954418, -3.0, 22.1932410726, 0.187212962963, 100.0, 
1, 1, 8.41707948126, 1, 0.066, 0.116, 72,  , , ,  , , ,  , , ,  , , ,  , , ,  , , ,  , , ,  , , ,  , , , -1.0, 23.1800727758, -1.0, 24.681050027, 0.282657407407, 100.0, 
1, 24, 6.2992041135, 9, 0.212, -0.003, -1, 0.154, -0.113, -88, 0.227, 0.124, 76, 0.216, -0.108, -60, 0.12, 0.145, 62, 0.247, -0.107, -16, 0.225, 0.038, -4, 0.124, 0.106, 74, 0.208, 0.146, 17,  , , , -3.0, 43.6037318024, -3.0, 23.022055813, 0.19312962963, 100.0, 
1, 8, 8.05260664298, 4, 0.066, -0.129, -79, 0.247, -0.132, -75, 0.112, -0.146, -61, 0.2, 0.1, 13,  , , ,  , , ,  , , ,  , , ,  , , ,  , , , -1.0, 43.9540778353, -1.0, 24.5237608768, 0.276601851852, 100.0, 
1, 6, 8.33564192173, 3, 0.076, -0.146, -46, 0.239, 0.126, 60, 0.112, -0.14, -75,  , , ,  , , ,  , , ,  , , ,  , , ,  , , ,  , , , -1.0, 43.9342458823, -1.0, 24.6160559775, 0.269259259259, 100.0, 
1, 10, 11.0557307722, 5, 0.08, -0.133, -63, 0.203, 0.118, 23, 0.245, 0.103, 18, 0.207, -0.112, -7, 0.02, -0.126, -70,  , , ,  , , ,  , , ,  , , ,  , , , 0.213157407407, 100.0, -3.0, 23.2985313927, 0.250490740741, 100.0, 
1, 29, 10.2786709148, 5, 0.106, 0.132, 51, 0.07, 0.118, 77, 0.201, 0.15, 38, 0.078, 0.117, 88, 0.098, -0.107, -43,  , , ,  , , ,  , , ,  , , ,  , , , 0.0688518518519, 100.0, -3.0, 4.43299956114, 0.243222222222, 100.0, 
1, 18, 5.86338001219, 9, 0.108, -0.13, -65, 0.201, 0.135, 93, 0.217, -0.143, -76, 0.118, -0.12, -59, 0.249, 0.113, 28, 0.17, 0.102, 61, 0.203, -0.1, -59, 0.227, -0.135, -13, 0.226, 0.027, 29,  , , , -3.0, 25.2772017427, -3.0, 22.1038244644, 0.225972222222, 100.0, 
1, 21, 8.96256961193, 1, 0.112, 0.123, 59,  , , ,  , , ,  , , ,  , , ,  , , ,  , , ,  , , ,  , , ,  , , , -1.0, 43.7545148491, -1.0, 24.1791864192, 0.286074074074, 100.0, 
1, 1, 8.41707948126, 1, 0.066, 0.116, 72,  , , ,  , , ,  , , ,  , , ,  , , ,  , , ,  , , ,  , , ,  , , , -1.0, 23.1800727758, -1.0, 24.681050027, 0.282657407407, 100.0, 
1, 29, 10.2786709148, 5, 0.106, 0.132, 51, 0.07, 0.118, 77, 0.201, 0.15, 38, 0.078, 0.117, 88, 0.098, -0.107, -43,  , , ,  , , ,  , , ,  , , ,  , , , 0.0688518518519, 100.0, -3.0, 4.43299956114, 0.243222222222, 100.0, 
1, 25, 8.88881356294, 5, 0.226, 0.128, 97, 0.238, 0.136, 14, 0.204, -0.136, -72, 0.194, -0.117, -56, 0.225, -0.136, -82,  , , ,  , , ,  , , ,  , , ,  , , , -3.0, 82.9328888154, -1.0, 22.6381470326, 0.240305555556, 100.0, 
1, 10, 11.0557307722, 5, 0.08, -0.133, -63, 0.203, 0.118, 23, 0.245, 0.103, 18, 0.207, -0.112, -7, 0.02, -0.126, -70,  , , ,  , , ,  , , ,  , , ,  , , , 0.213157407407, 100.0, -3.0, 23.2985313927, 0.250490740741, 100.0, 
1, 23, 6.86344408657, 7, 0.074, 0.114, 40, 0.006, 0.124, 61, 0.008, 0.104, 57, 0.056, 0.102, 74, 0.25, -0.098, -28, 0.162, 0.128, 70, 0.237, -0.13, -72,  , , ,  , , ,  , , , 0.138435185185, 100.0, -1.0, 22.7776410727, -1.0, 46.9685170698, 
1, 17, 7.47416052303, 5, 0.241, 0.12, 32, 0.066, 0.111, 87, 0.024, -0.145, -44, 0.006, -0.116, -89, 0.222, 0.01, 6,  , , ,  , , ,  , , ,  , , ,  , , , -1.0, 43.9293954418, -3.0, 22.1932410726, 0.187212962963, 100.0, 
1, 21, 8.96256961193, 1, 0.112, 0.123, 59,  , , ,  , , ,  , , ,  , , ,  , , ,  , , ,  , , ,  , , ,  , , , -1.0, 43.7545148491, -1.0, 24.1791864192, 0.286074074074, 100.0, 
1, 21, 8.96256961193, 1, 0.112, 0.123, 59,  , , ,  , , ,  , , ,  , , ,  , , ,  , , ,  , , ,  , , ,  , , , -1.0, 43.7545148491, -1.0, 24.1791864192, 0.286074074074, 100.0, 
2, 30, 6.94801743451, 9, 0.072, 0.135, 58, 0.213, -0.045, 13, 0.207, -0.149, -84, 0.072, 0.141, 58, 0.012, -0.136, -57, 0.068, -0.14, -83, 0.214, -0.124, -25, 0.134, -0.115, -70, 0.238, 0.018, 4,  , , , -3.0, 62.7841099805, -3.0, 22.367874628, 0.225055555556, 100.0, 
2, 1, 8.41707948126, 1, 0.066, 0.116, 72,  , , ,  , , ,  , , ,  , , ,  , , ,  , , ,  , , ,  , , ,  , , , -1.0, 23.1800727758, -1.0, 24.681050027, 0.282657407407, 100.0, 
2, 26, 9.88385781608, 8, 0.072, 0.135, 58, 0.213, -0.045, 13, 0.207, -0.149, -84, 0.072, 0.141, 58, 0.012, -0.136, -57, 0.068, -0.14, -83, 0.214, -0.124, -25, 0.134, -0.115, -70,  , , ,  , , , 0.139953703704, 100.0, -1.0, 21.5615389323, 0.227453703704, 100.0, 
2, 21, 8.96256961193, 1, 0.112, 0.123, 59,  , , ,  , , ,  , , ,  , , ,  , , ,  , , ,  , , ,  , , ,  , , , -1.0, 43.7545148491, -1.0, 24.1791864192, 0.286074074074, 100.0, 
2, 31, 6.92282998022, 9, 0.026, 0.13, 61, 0.239, 0.126, -14, 0.152, 0.128, 40, 0.146, 0.122, 46, 0.226, 0.065, 26, 0.14, 0.117, 63, 0.238, -0.137, -6, 0.241, 0.1, 9, 0.192, 0.125, 86,  , , , 0.240240740741, 100.0, -1.0, 42.7984338792, -1.0, 43.0207542068, 
2, 37, 4.12704285106, 5, 0.108, -0.13, -65, 0.201, 0.135, 93, 0.217, -0.143, -76, 0.118, -0.12, -59, 0.098, -0.107, -43,  , , ,  , , ,  , , ,  , , ,  , , , -3.0, 42.8307455386, -1.0, 23.0500196756, -1.0, 43.9739535378, 
2, 7, 8.92738617552, 1, 0.246, 0.102, 21,  , , ,  , , ,  , , ,  , , ,  , , ,  , , ,  , , ,  , , ,  , , , -1.0, 43.7397768473, -1.0, 22.2124612452, 0.291388888889, 100.0, 
2, 1, 8.41707948126, 1, 0.066, 0.116, 72,  , , ,  , , ,  , , ,  , , ,  , , ,  , , ,  , , ,  , , ,  , , , -1.0, 23.1800727758, -1.0, 24.681050027, 0.282657407407, 100.0, 
2, 10, 11.0557307722, 5, 0.08, -0.133, -63, 0.203, 0.118, 23, 0.245, 0.103, 18, 0.207, -0.112, -7, 0.02, -0.126, -70,  , , ,  , , ,  , , ,  , , ,  , , , 0.213157407407, 100.0, -3.0, 23.2985313927, 0.250490740741, 100.0, 
2, 21, 8.96256961193, 1, 0.112, 0.123, 59,  , , ,  , , ,  , , ,  , , ,  , , ,  , , ,  , , ,  , , ,  , , , -1.0, 43.7545148491, -1.0, 24.1791864192, 0.286074074074, 100.0, 
2, 10, 11.0557307722, 5, 0.08, -0.133, -63, 0.203, 0.118, 23, 0.245, 0.103, 18, 0.207, -0.112, -7, 0.02, -0.126, -70,  , , ,  , , ,  , , ,  , , ,  , , , 0.213157407407, 100.0, -3.0, 23.2985313927, 0.250490740741, 100.0, 
2, 5, 8.92278154546, 3, 0.218, -0.114, -63, 0.234, -0.104, -63, 0.128, 0.11, 50,  , , ,  , , ,  , , ,  , , ,  , , ,  , , ,  , , , -1.0, 43.9698503254, -1.0, 43.9625338853, 0.295194444444, 100.0, 
2, 25, 8.88881356294, 5, 0.226, 0.128, 97, 0.238, 0.136, 14, 0.204, -0.136, -72, 0.194, -0.117, -56, 0.225, -0.136, -82,  , , ,  , , ,  , , ,  , , ,  , , , -3.0, 82.9328888154, -1.0, 22.6381470326, 0.240305555556, 100.0, 
2, 21, 8.96256961193, 1, 0.112, 0.123, 59,  , , ,  , , ,  , , ,  , , ,  , , ,  , , ,  , , ,  , , ,  , , , -1.0, 43.7545148491, -1.0, 24.1791864192, 0.286074074074, 100.0, 
2, 1, 8.41707948126, 1, 0.066, 0.116, 72,  , , ,  , , ,  , , ,  , , ,  , , ,  , , ,  , , ,  , , ,  , , , -1.0, 23.1800727758, -1.0, 24.681050027, 0.282657407407, 100.0, 
2, 29, 10.2786709148, 5, 0.106, 0.132, 51, 0.07, 0.118, 77, 0.201, 0.15, 38, 0.078, 0.117, 88, 0.098, -0.107, -43,  , , ,  , , ,  , , ,  , , ,  , , , 0.0688518518519, 100.0, -3.0, 4.43299956114, 0.243222222222, 100.0, 
2, 29, 10.2786709148, 5, 0.106, 0.132, 51, 0.07, 0.118, 77, 0.201, 0.15, 38, 0.078, 0.117, 88, 0.098, -0.107, -43,  , , ,  , , ,  , , ,  , , ,  , , , 0.0688518518519, 100.0, -3.0, 4.43299956114, 0.243222222222, 100.0, 
2, 1, 8.41707948126, 1, 0.066, 0.116, 72,  , , ,  , , ,  , , ,  , , ,  , , ,  , , ,  , , ,  , , ,  , , , -1.0, 23.1800727758, -1.0, 24.681050027, 0.282657407407, 100.0, 
2, 29, 10.2786709148, 5, 0.106, 0.132, 51, 0.07, 0.118, 77, 0.201, 0.15, 38, 0.078, 0.117, 88, 0.098, -0.107, -43,  , , ,  , , ,  , , ,  , , ,  , , , 0.0688518518519, 100.0, -3.0, 4.43299956114, 0.243222222222, 100.0, 
2, 31, 6.92282998022, 9, 0.026, 0.13, 61, 0.239, 0.126, -14, 0.152, 0.128, 40, 0.146, 0.122, 46, 0.226, 0.065, 26, 0.14, 0.117, 63, 0.238, -0.137, -6, 0.241, 0.1, 9, 0.192, 0.125, 86,  , , , 0.240240740741, 100.0, -1.0, 42.7984338792, -1.0, 43.0207542068, 
2, 29, 10.2786709148, 5, 0.106, 0.132, 51, 0.07, 0.118, 77, 0.201, 0.15, 38, 0.078, 0.117, 88, 0.098, -0.107, -43,  , , ,  , , ,  , , ,  , , ,  , , , 0.0688518518519, 100.0, -3.0, 4.43299956114, 0.243222222222, 100.0, 
2, 10, 11.0557307722, 5, 0.08, -0.133, -63, 0.203, 0.118, 23, 0.245, 0.103, 18, 0.207, -0.112, -7, 0.02, -0.126, -70,  , , ,  , , ,  , , ,  , , ,  , , , 0.213157407407, 100.0, -3.0, 23.2985313927, 0.250490740741, 100.0, 
2, 29, 10.2786709148, 5, 0.106, 0.132, 51, 0.07, 0.118, 77, 0.201, 0.15, 38, 0.078, 0.117, 88, 0.098, -0.107, -43,  , , ,  , , ,  , , ,  , , ,  , , , 0.0688518518519, 100.0, -3.0, 4.43299956114, 0.243222222222, 100.0, 
2, 30, 6.94801743451, 9, 0.072, 0.135, 58, 0.213, -0.045, 13, 0.207, -0.149, -84, 0.072, 0.141, 58, 0.012, -0.136, -57, 0.068, -0.14, -83, 0.214, -0.124, -25, 0.134, -0.115, -70, 0.238, 0.018, 4,  , , , -3.0, 62.7841099805, -3.0, 22.367874628, 0.225055555556, 100.0, 
2, 6, 8.33564192173, 3, 0.076, -0.146, -46, 0.239, 0.126, 60, 0.112, -0.14, -75,  , , ,  , , ,  , , ,  , , ,  , , ,  , , ,  , , , -1.0, 43.9342458823, -1.0, 24.6160559775, 0.269259259259, 100.0, 
2, 25, 8.88881356294, 5, 0.226, 0.128, 97, 0.238, 0.136, 14, 0.204, -0.136, -72, 0.194, -0.117, -56, 0.225, -0.136, -82,  , , ,  , , ,  , , ,  , , ,  , , , -3.0, 82.9328888154, -1.0, 22.6381470326, 0.240305555556, 100.0, 
2, 1, 8.41707948126, 1, 0.066, 0.116, 72,  , , ,  , , ,  , , ,  , , ,  , , ,  , , ,  , , ,  , , ,  , , , -1.0, 23.1800727758, -1.0, 24.681050027, 0.282657407407, 100.0, 
2, 31, 6.92282998022, 9, 0.026, 0.13, 61, 0.239, 0.126, -14, 0.152, 0.128, 40, 0.146, 0.122, 46, 0.226, 0.065, 26, 0.14, 0.117, 63, 0.238, -0.137, -6, 0.241, 0.1, 9, 0.192, 0.125, 86,  , , , 0.240240740741, 100.0, -1.0, 42.7984338792, -1.0, 43.0207542068, 
2, 25, 8.88881356294, 5, 0.226, 0.128, 97, 0.238, 0.136, 14, 0.204, -0.136, -72, 0.194, -0.117, -56, 0.225, -0.136, -82,  , , ,  , , ,  , , ,  , , ,  , , , -3.0, 82.9328888154, -1.0, 22.6381470326, 0.240305555556, 100.0, 
2, 29, 10.2786709148, 5, 0.106, 0.132, 51, 0.07, 0.118, 77, 0.201, 0.15, 38, 0.078, 0.117, 88, 0.098, -0.107, -43,  , , ,  , , ,  , , ,  , , ,  , , , 0.0688518518519, 100.0, -3.0, 4.43299956114, 0.243222222222, 100.0, 
3, 42, 11.4300937593, 4, 0.218, -0.114, -63, 0.234, -0.104, -63, 0.128, 0.11, 50, 0.046, 0.142, -68,  , , ,  , , ,  , , ,  , , ,  , , ,  , , , 0.20087962963, 100.0, -3.0, 23.0408590524, 0.293861111111, 100.0, 
3, 40, 8.3811198526, 1, 0.066, 0.122, 72,  , , ,  , , ,  , , ,  , , ,  , , ,  , , ,  , , ,  , , ,  , , , -1.0, 23.2142482626, -1.0, 24.8295748451, 0.266768518519, 100.0, 
3, 42, 11.4300937593, 4, 0.218, -0.114, -63, 0.234, -0.104, -63, 0.128, 0.11, 50, 0.046, 0.142, -68,  , , ,  , , ,  , , ,  , , ,  , , ,  , , , 0.20087962963, 100.0, -3.0, 23.0408590524, 0.293861111111, 100.0, 
3, 25, 8.88881356294, 5, 0.226, 0.128, 97, 0.238, 0.136, 14, 0.204, -0.136, -72, 0.194, -0.117, -56, 0.225, -0.136, -82,  , , ,  , , ,  , , ,  , , ,  , , , -3.0, 82.9328888154, -1.0, 22.6381470326, 0.240305555556, 100.0, 
3, 10, 11.0557307722, 5, 0.08, -0.133, -63, 0.203, 0.118, 23, 0.245, 0.103, 18, 0.207, -0.112, -7, 0.02, -0.126, -70,  , , ,  , , ,  , , ,  , , ,  , , , 0.213157407407, 100.0, -3.0, 23.2985313927, 0.250490740741, 100.0, 
3, 21, 8.96256961193, 1, 0.112, 0.123, 59,  , , ,  , , ,  , , ,  , , ,  , , ,  , , ,  , , ,  , , ,  , , , -1.0, 43.7545148491, -1.0, 24.1791864192, 0.286074074074, 100.0, 
3, 48, 10.9800712695, 5, 0.066, 0.116, 72, 0.201, 0.135, 93, 0.217, -0.143, -76, 0.118, -0.12, -59, 0.098, -0.107, -43,  , , ,  , , ,  , , ,  , , ,  , , , 0.165796296296, 100.0, -3.0, 22.8110292486, 0.269935185185, 100.0, 
3, 29, 10.2786709148, 5, 0.106, 0.132, 51, 0.07, 0.118, 77, 0.201, 0.15, 38, 0.078, 0.117, 88, 0.098, -0.107, -43,  , , ,  , , ,  , , ,  , , ,  , , , 0.0688518518519, 100.0, -3.0, 4.43299956114, 0.243222222222, 100.0, 
3, 10, 11.0557307722, 5, 0.08, -0.133, -63, 0.203, 0.118, 23, 0.245, 0.103, 18, 0.207, -0.112, -7, 0.02, -0.126, -70,  , , ,  , , ,  , , ,  , , ,  , , , 0.213157407407, 100.0, -3.0, 23.2985313927, 0.250490740741, 100.0, 
3, 10, 11.0557307722, 5, 0.08, -0.133, -63, 0.203, 0.118, 23, 0.245, 0.103, 18, 0.207, -0.112, -7, 0.02, -0.126, -70,  , , ,  , , ,  , , ,  , , ,  , , , 0.213157407407, 100.0, -3.0, 23.2985313927, 0.250490740741, 100.0, 
3, 48, 10.9800712695, 5, 0.066, 0.116, 72, 0.201, 0.135, 93, 0.217, -0.143, -76, 0.118, -0.12, -59, 0.098, -0.107, -43,  , , ,  , , ,  , , ,  , , ,  , , , 0.165796296296, 100.0, -3.0, 22.8110292486, 0.269935185185, 100.0, 
3, 42, 11.4300937593, 4, 0.218, -0.114, -63, 0.234, -0.104, -63, 0.128, 0.11, 50, 0.046, 0.142, -68,  , , ,  , , ,  , , ,  , , ,  , , ,  , , , 0.20087962963, 100.0, -3.0, 23.0408590524, 0.293861111111, 100.0, 
3, 10, 11.0557307722, 5, 0.08, -0.133, -63, 0.203, 0.118, 23, 0.245, 0.103, 18, 0.207, -0.112, -7, 0.02, -0.126, -70,  , , ,  , , ,  , , ,  , , ,  , , , 0.213157407407, 100.0, -3.0, 23.2985313927, 0.250490740741, 100.0, 
3, 25, 8.88881356294, 5, 0.226, 0.128, 97, 0.238, 0.136, 14, 0.204, -0.136, -72, 0.194, -0.117, -56, 0.225, -0.136, -82,  , , ,  , , ,  , , ,  , , ,  , , , -3.0, 82.9328888154, -1.0, 22.6381470326, 0.240305555556, 100.0, 
3, 29, 10.2786709148, 5, 0.106, 0.132, 51, 0.07, 0.118, 77, 0.201, 0.15, 38, 0.078, 0.117, 88, 0.098, -0.107, -43,  , , ,  , , ,  , , ,  , , ,  , , , 0.0688518518519, 100.0, -3.0, 4.43299956114, 0.243222222222, 100.0, 
3, 29, 10.2786709148, 5, 0.106, 0.132, 51, 0.07, 0.118, 77, 0.201, 0.15, 38, 0.078, 0.117, 88, 0.098, -0.107, -43,  , , ,  , , ,  , , ,  , , ,  , , , 0.0688518518519, 100.0, -3.0, 4.43299956114, 0.243222222222, 100.0, 
3, 29, 10.2786709148, 5, 0.106, 0.132, 51, 0.07, 0.118, 77, 0.201, 0.15, 38, 0.078, 0.117, 88, 0.098, -0.107, -43,  , , ,  , , ,  , , ,  , , ,  , , , 0.0688518518519, 100.0, -3.0, 4.43299956114, 0.243222222222, 100.0, 
3, 44, 8.43735441014, 1, 0.066, 0.109, 72,  , , ,  , , ,  , , ,  , , ,  , , ,  , , ,  , , ,  , , ,  , , , -1.0, 23.202788646, -1.0, 24.6882766994, 0.29025, 100.0, 
3, 29, 10.2786709148, 5, 0.106, 0.132, 51, 0.07, 0.118, 77, 0.201, 0.15, 38, 0.078, 0.117, 88, 0.098, -0.107, -43,  , , ,  , , ,  , , ,  , , ,  , , , 0.0688518518519, 100.0, -3.0, 4.43299956114, 0.243222222222, 100.0, 
3, 10, 11.0557307722, 5, 0.08, -0.133, -63, 0.203, 0.118, 23, 0.245, 0.103, 18, 0.207, -0.112, -7, 0.02, -0.126, -70,  , , ,  , , ,  , , ,  , , ,  , , , 0.213157407407, 100.0, -3.0, 23.2985313927, 0.250490740741, 100.0, 
3, 21, 8.96256961193, 1, 0.112, 0.123, 59,  , , ,  , , ,  , , ,  , , ,  , , ,  , , ,  , , ,  , , ,  , , , -1.0, 43.7545148491, -1.0, 24.1791864192, 0.286074074074, 100.0, 
3, 51, 10.8333217643, 5, 0.026, 0.13, 61, 0.239, 0.126, -14, 0.201, 0.15, 38, 0.078, 0.117, 88, 0.098, -0.107, -43,  , , ,  , , ,  , , ,  , , ,  , , , 0.22037037037, 100.0, -3.0, 23.0850611951, 0.152833333333, 100.0, 
3, 1, 8.41707948126, 1, 0.066, 0.116, 72,  , , ,  , , ,  , , ,  , , ,  , , ,  , , ,  , , ,  , , ,  , , , -1.0, 23.1800727758, -1.0, 24.681050027, 0.282657407407, 100.0, 
3, 1, 8.41707948126, 1, 0.066, 0.116, 72,  , , ,  , , ,  , , ,  , , ,  , , ,  , , ,  , , ,  , , ,  , , , -1.0, 23.1800727758, -1.0, 24.681050027, 0.282657407407, 100.0, 
3, 46, 9.03883941583, 9, 0.072, 0.135, 58, 0.213, -0.045, 13, 0.207, -0.149, -84, 0.072, 0.141, 58, 0.012, -0.136, -57, 0.068, 0.11, -49, 0.214, -0.124, -25, 0.134, -0.115, -70, 0.238, 0.018, 4,  , , , 0.163037037037, 100.0, -3.0, 4.40013244919, 0.138527777778, 100.0, 
3, 21, 8.96256961193, 1, 0.112, 0.123, 59,  , , ,  , , ,  , , ,  , , ,  , , ,  , , ,  , , ,  , , ,  , , , -1.0, 43.7545148491, -1.0, 24.1791864192, 0.286074074074, 100.0, 
3, 29, 10.2786709148, 5, 0.106, 0.132, 51, 0.07, 0.118, 77, 0.201, 0.15, 38, 0.078, 0.117, 88, 0.098, -0.107, -43,  , , ,  , , ,  , , ,  , , ,  , , , 0.0688518518519, 100.0, -3.0, 4.43299956114, 0.243222222222, 100.0, 
3, 45, 10.2916241903, 5, 0.106, 0.118, 51, 0.07, 0.118, 77, 0.201, 0.15, 38, 0.078, 0.117, 88, 0.098, -0.107, -43,  , , ,  , , ,  , , ,  , , ,  , , , 0.0674722222222, 100.0, -1.0, 4.60988414764, 0.24812037037, 100.0, 
3, 7, 8.92738617552, 1, 0.246, 0.102, 21,  , , ,  , , ,  , , ,  , , ,  , , ,  , , ,  , , ,  , , ,  , , , -1.0, 43.7397768473, -1.0, 22.2124612452, 0.291388888889, 100.0, 
3, 29, 10.2786709148, 5, 0.106, 0.132, 51, 0.07, 0.118, 77, 0.201, 0.15, 38, 0.078, 0.117, 88, 0.098, -0.107, -43,  , , ,  , , ,  , , ,  , , ,  , , , 0.0688518518519, 100.0, -3.0, 4.43299956114, 0.243222222222, 100.0, 
4, 56, 10.8952810696, 5, 0.106, 0.132, 51, 0.07, 0.127, 77, 0.201, 0.15, 38, 0.078, 0.117, 88, 0.098, -0.107, -43,  , , ,  , , ,  , , ,  , , ,  , , , 0.136481481481, 100.0, -1.0, 23.9402015286, 0.252027777778, 100.0, 
4, 48, 10.9800712695, 5, 0.066, 0.116, 72, 0.201, 0.135, 93, 0.217, -0.143, -76, 0.118, -0.12, -59, 0.098, -0.107, -43,  , , ,  , , ,  , , ,  , , ,  , , , 0.165796296296, 100.0, -3.0, 22.8110292486, 0.269935185185, 100.0, 
4, 10, 11.0557307722, 5, 0.08, -0.133, -63, 0.203, 0.118, 23, 0.245, 0.103, 18, 0.207, -0.112, -7, 0.02, -0.126, -70,  , , ,  , , ,  , , ,  , , ,  , , , 0.213157407407, 100.0, -3.0, 23.2985313927, 0.250490740741, 100.0, 
4, 42, 11.4300937593, 4, 0.218, -0.114, -63, 0.234, -0.104, -63, 0.128, 0.11, 50, 0.046, 0.142, -68,  , , ,  , , ,  , , ,  , , ,  , , ,  , , , 0.20087962963, 100.0, -3.0, 23.0408590524, 0.293861111111, 100.0, 
4, 10, 11.0557307722, 5, 0.08, -0.133, -63, 0.203, 0.118, 23, 0.245, 0.103, 18, 0.207, -0.112, -7, 0.02, -0.126, -70,  , , ,  , , ,  , , ,  , , ,  , , , 0.213157407407, 100.0, -3.0, 23.2985313927, 0.250490740741, 100.0, 
4, 42, 11.4300937593, 4, 0.218, -0.114, -63, 0.234, -0.104, -63, 0.128, 0.11, 50, 0.046, 0.142, -68,  , , ,  , , ,  , , ,  , , ,  , , ,  , , , 0.20087962963, 100.0, -3.0, 23.0408590524, 0.293861111111, 100.0, 
4, 29, 10.2786709148, 5, 0.106, 0.132, 51, 0.07, 0.118, 77, 0.201, 0.15, 38, 0.078, 0.117, 88, 0.098, -0.107, -43,  , , ,  , , ,  , , ,  , , ,  , , , 0.0688518518519, 100.0, -3.0, 4.43299956114, 0.243222222222, 100.0, 
4, 51, 10.8333217643, 5, 0.026, 0.13, 61, 0.239, 0.126, -14, 0.201, 0.15, 38, 0.078, 0.117, 88, 0.098, -0.107, -43,  , , ,  , , ,  , , ,  , , ,  , , , 0.22037037037, 100.0, -3.0, 23.0850611951, 0.152833333333, 100.0, 
4, 10, 11.0557307722, 5, 0.08, -0.133, -63, 0.203, 0.118, 23, 0.245, 0.103, 18, 0.207, -0.112, -7, 0.02, -0.126, -70,  , , ,  , , ,  , , ,  , , ,  , , , 0.213157407407, 100.0, -3.0, 23.2985313927, 0.250490740741, 100.0, 
4, 29, 10.2786709148, 5, 0.106, 0.132, 51, 0.07, 0.118, 77, 0.201, 0.15, 38, 0.078, 0.117, 88, 0.098, -0.107, -43,  , , ,  , , ,  , , ,  , , ,  , , , 0.0688518518519, 100.0, -3.0, 4.43299956114, 0.243222222222, 100.0, 
4, 10, 11.0557307722, 5, 0.08, -0.133, -63, 0.203, 0.118, 23, 0.245, 0.103, 18, 0.207, -0.112, -7, 0.02, -0.126, -70,  , , ,  , , ,  , , ,  , , ,  , , , 0.213157407407, 100.0, -3.0, 23.2985313927, 0.250490740741, 100.0, 
4, 10, 11.0557307722, 5, 0.08, -0.133, -63, 0.203, 0.118, 23, 0.245, 0.103, 18, 0.207, -0.112, -7, 0.02, -0.126, -70,  , , ,  , , ,  , , ,  , , ,  , , , 0.213157407407, 100.0, -3.0, 23.2985313927, 0.250490740741, 100.0, 
4, 10, 11.0557307722, 5, 0.08, -0.133, -63, 0.203, 0.118, 23, 0.245, 0.103, 18, 0.207, -0.112, -7, 0.02, -0.126, -70,  , , ,  , , ,  , , ,  , , ,  , , , 0.213157407407, 100.0, -3.0, 23.2985313927, 0.250490740741, 100.0, 
4, 45, 10.2916241903, 5, 0.106, 0.118, 51, 0.07, 0.118, 77, 0.201, 0.15, 38, 0.078, 0.117, 88, 0.098, -0.107, -43,  , , ,  , , ,  , , ,  , , ,  , , , 0.0674722222222, 100.0, -1.0, 4.60988414764, 0.24812037037, 100.0, 
4, 42, 11.4300937593, 4, 0.218, -0.114, -63, 0.234, -0.104, -63, 0.128, 0.11, 50, 0.046, 0.142, -68,  , , ,  , , ,  , , ,  , , ,  , , ,  , , , 0.20087962963, 100.0, -3.0, 23.0408590524, 0.293861111111, 100.0, 
4, 53, 10.4548360456, 6, 0.08, -0.133, -63, 0.203, 0.118, 23, 0.245, 0.103, 18, 0.207, -0.112, -7, 0.02, -0.126, -70, 0.226, 0.145, -51,  , , ,  , , ,  , , ,  , , , 0.139, 100.0, -3.0, 22.8618709954, 0.203333333333, 100.0, 
4, 25, 8.88881356294, 5, 0.226, 0.128, 97, 0.238, 0.136, 14, 0.204, -0.136, -72, 0.194, -0.117, -56, 0.225, -0.136, -82,  , , ,  , , ,  , , ,  , , ,  , , , -3.0, 82.9328888154, -1.0, 22.6381470326, 0.240305555556, 100.0, 
4, 45, 10.2916241903, 5, 0.106, 0.118, 51, 0.07, 0.118, 77, 0.201, 0.15, 38, 0.078, 0.117, 88, 0.098, -0.107, -43,  , , ,  , , ,  , , ,  , , ,  , , , 0.0674722222222, 100.0, -1.0, 4.60988414764, 0.24812037037, 100.0, 
4, 29, 10.2786709148, 5, 0.106, 0.132, 51, 0.07, 0.118, 77, 0.201, 0.15, 38, 0.078, 0.117, 88, 0.098, -0.107, -43,  , , ,  , , ,  , , ,  , , ,  , , , 0.0688518518519, 100.0, -3.0, 4.43299956114, 0.243222222222, 100.0, 
4, 56, 10.8952810696, 5, 0.106, 0.132, 51, 0.07, 0.127, 77, 0.201, 0.15, 38, 0.078, 0.117, 88, 0.098, -0.107, -43,  , , ,  , , ,  , , ,  , , ,  , , , 0.136481481481, 100.0, -1.0, 23.9402015286, 0.252027777778, 100.0, 
4, 10, 11.0557307722, 5, 0.08, -0.133, -63, 0.203, 0.118, 23, 0.245, 0.103, 18, 0.207, -0.112, -7, 0.02, -0.126, -70,  , , ,  , , ,  , , ,  , , ,  , , , 0.213157407407, 100.0, -3.0, 23.2985313927, 0.250490740741, 100.0, 
4, 10, 11.0557307722, 5, 0.08, -0.133, -63, 0.203, 0.118, 23, 0.245, 0.103, 18, 0.207, -0.112, -7, 0.02, -0.126, -70,  , , ,  , , ,  , , ,  , , ,  , , , 0.213157407407, 100.0, -3.0, 23.2985313927, 0.250490740741, 100.0, 
4, 29, 10.2786709148, 5, 0.106, 0.132, 51, 0.07, 0.118, 77, 0.201, 0.15, 38, 0.078, 0.117, 88, 0.098, -0.107, -43,  , , ,  , , ,  , , ,  , , ,  , , , 0.0688518518519, 100.0, -3.0, 4.43299956114, 0.243222222222, 100.0, 
4, 10, 11.0557307722, 5, 0.08, -0.133, -63, 0.203, 0.118, 23, 0.245, 0.103, 18, 0.207, -0.112, -7, 0.02, -0.126, -70,  , , ,  , , ,  , , ,  , , ,  , , , 0.213157407407, 100.0, -3.0, 23.2985313927, 0.250490740741, 100.0, 
4, 10, 11.0557307722, 5, 0.08, -0.133, -63, 0.203, 0.118, 23, 0.245, 0.103, 18, 0.207, -0.112, -7, 0.02, -0.126, -70,  , , ,  , , ,  , , ,  , , ,  , , , 0.213157407407, 100.0, -3.0, 23.2985313927, 0.250490740741, 100.0, 
4, 46, 9.03883941583, 9, 0.072, 0.135, 58, 0.213, -0.045, 13, 0.207, -0.149, -84, 0.072, 0.141, 58, 0.012, -0.136, -57, 0.068, 0.11, -49, 0.214, -0.124, -25, 0.134, -0.115, -70, 0.238, 0.018, 4,  , , , 0.163037037037, 100.0, -3.0, 4.40013244919, 0.138527777778, 100.0, 
4, 42, 11.4300937593, 4, 0.218, -0.114, -63, 0.234, -0.104, -63, 0.128, 0.11, 50, 0.046, 0.142, -68,  , , ,  , , ,  , , ,  , , ,  , , ,  , , , 0.20087962963, 100.0, -3.0, 23.0408590524, 0.293861111111, 100.0, 
4, 42, 11.4300937593, 4, 0.218, -0.114, -63, 0.234, -0.104, -63, 0.128, 0.11, 50, 0.046, 0.142, -68,  , , ,  , , ,  , , ,  , , ,  , , ,  , , , 0.20087962963, 100.0, -3.0, 23.0408590524, 0.293861111111, 100.0, 
4, 29, 10.2786709148, 5, 0.106, 0.132, 51, 0.07, 0.118, 77, 0.201, 0.15, 38, 0.078, 0.117, 88, 0.098, -0.107, -43,  , , ,  , , ,  , , ,  , , ,  , , , 0.0688518518519, 100.0, -3.0, 4.43299956114, 0.243222222222, 100.0, 
4, 51, 10.8333217643, 5, 0.026, 0.13, 61, 0.239, 0.126, -14, 0.201, 0.15, 38, 0.078, 0.117, 88, 0.098, -0.107, -43,  , , ,  , , ,  , , ,  , , ,  , , , 0.22037037037, 100.0, -3.0, 23.0850611951, 0.152833333333, 100.0, 
5, 71, 11.6454101893, 5, 0.08, -0.133, -63, 0.203, 0.118, 23, 0.245, 0.103, 18, 0.207, -0.112, -7, 0.225, -0.136, 44,  , , ,  , , ,  , , ,  , , ,  , , , 0.232194444444, 100.0, -3.0, 43.1445434525, 0.256212962963, 100.0, 
5, 45, 10.2916241903, 5, 0.106, 0.118, 51, 0.07, 0.118, 77, 0.201, 0.15, 38, 0.078, 0.117, 88, 0.098, -0.107, -43,  , , ,  , , ,  , , ,  , , ,  , , , 0.0674722222222, 100.0, -1.0, 4.60988414764, 0.24812037037, 100.0, 
5, 71, 11.6454101893, 5, 0.08, -0.133, -63, 0.203, 0.118, 23, 0.245, 0.103, 18, 0.207, -0.112, -7, 0.225, -0.136, 44,  , , ,  , , ,  , , ,  , , ,  , , , 0.232194444444, 100.0, -3.0, 43.1445434525, 0.256212962963, 100.0, 
5, 56, 10.8952810696, 5, 0.106, 0.132, 51, 0.07, 0.127, 77, 0.201, 0.15, 38, 0.078, 0.117, 88, 0.098, -0.107, -43,  , , ,  , , ,  , , ,  , , ,  , , , 0.136481481481, 100.0, -1.0, 23.9402015286, 0.252027777778, 100.0, 
5, 29, 10.2786709148, 5, 0.106, 0.132, 51, 0.07, 0.118, 77, 0.201, 0.15, 38, 0.078, 0.117, 88, 0.098, -0.107, -43,  , , ,  , , ,  , , ,  , , ,  , , , 0.0688518518519, 100.0, -3.0, 4.43299956114, 0.243222222222, 100.0, 
5, 73, 11.1370866553, 5, 0.08, -0.133, -63, 0.203, 0.118, 23, 0.245, 0.103, 18, 0.207, -0.112, -7, 0.098, -0.107, -43,  , , ,  , , ,  , , ,  , , ,  , , , 0.228435185185, 100.0, -3.0, 23.9739924755, 0.26137962963, 100.0, 
5, 10, 11.0557307722, 5, 0.08, -0.133, -63, 0.203, 0.118, 23, 0.245, 0.103, 18, 0.207, -0.112, -7, 0.02, -0.126, -70,  , , ,  , , ,  , , ,  , , ,  , , , 0.213157407407, 100.0, -3.0, 23.2985313927, 0.250490740741, 100.0, 
5, 42, 11.4300937593, 4, 0.218, -0.114, -63, 0.234, -0.104, -63, 0.128, 0.11, 50, 0.046, 0.142, -68,  , , ,  , , ,  , , ,  , , ,  , , ,  , , , 0.20087962963, 100.0, -3.0, 23.0408590524, 0.293861111111, 100.0, 
5, 29, 10.2786709148, 5, 0.106, 0.132, 51, 0.07, 0.118, 77, 0.201, 0.15, 38, 0.078, 0.117, 88, 0.098, -0.107, -43,  , , ,  , , ,  , , ,  , , ,  , , , 0.0688518518519, 100.0, -3.0, 4.43299956114, 0.243222222222, 100.0, 
5, 73, 11.1370866553, 5, 0.08, -0.133, -63, 0.203, 0.118, 23, 0.245, 0.103, 18, 0.207, -0.112, -7, 0.098, -0.107, -43,  , , ,  , , ,  , , ,  , , ,  , , , 0.228435185185, 100.0, -3.0, 23.9739924755, 0.26137962963, 100.0, 
5, 10, 11.0557307722, 5, 0.08, -0.133, -63, 0.203, 0.118, 23, 0.245, 0.103, 18, 0.207, -0.112, -7, 0.02, -0.126, -70,  , , ,  , , ,  , , ,  , , ,  , , , 0.213157407407, 100.0, -3.0, 23.2985313927, 0.250490740741, 100.0, 
5, 10, 11.0557307722, 5, 0.08, -0.133, -63, 0.203, 0.118, 23, 0.245, 0.103, 18, 0.207, -0.112, -7, 0.02, -0.126, -70,  , , ,  , , ,  , , ,  , , ,  , , , 0.213157407407, 100.0, -3.0, 23.2985313927, 0.250490740741, 100.0, 
5, 10, 11.0557307722, 5, 0.08, -0.133, -63, 0.203, 0.118, 23, 0.245, 0.103, 18, 0.207, -0.112, -7, 0.02, -0.126, -70,  , , ,  , , ,  , , ,  , , ,  , , , 0.213157407407, 100.0, -3.0, 23.2985313927, 0.250490740741, 100.0, 
5, 53, 10.4548360456, 6, 0.08, -0.133, -63, 0.203, 0.118, 23, 0.245, 0.103, 18, 0.207, -0.112, -7, 0.02, -0.126, -70, 0.226, 0.145, -51,  , , ,  , , ,  , , ,  , , , 0.139, 100.0, -3.0, 22.8618709954, 0.203333333333, 100.0, 
5, 42, 11.4300937593, 4, 0.218, -0.114, -63, 0.234, -0.104, -63, 0.128, 0.11, 50, 0.046, 0.142, -68,  , , ,  , , ,  , , ,  , , ,  , , ,  , , , 0.20087962963, 100.0, -3.0, 23.0408590524, 0.293861111111, 100.0, 
5, 73, 11.1370866553, 5, 0.08, -0.133, -63, 0.203, 0.118, 23, 0.245, 0.103, 18, 0.207, -0.112, -7, 0.098, -0.107, -43,  , , ,  , , ,  , , ,  , , ,  , , , 0.228435185185, 100.0, -3.0, 23.9739924755, 0.26137962963, 100.0, 
5, 51, 10.8333217643, 5, 0.026, 0.13, 61, 0.239, 0.126, -14, 0.201, 0.15, 38, 0.078, 0.117, 88, 0.098, -0.107, -43,  , , ,  , , ,  , , ,  , , ,  , , , 0.22037037037, 100.0, -3.0, 23.0850611951, 0.152833333333, 100.0, 
5, 68, 10.270428397, 5, 0.106, 0.118, 51, 0.07, 0.118, 77, 0.201, 0.15, 38, 0.078, 0.117, 88, 0.098, -0.107, -43,  , , ,  , , ,  , , ,  , , ,  , , , 0.0640648148148, 100.0, -1.0, 3.73577520749, 0.249833333333, 100.0, 
5, 63, 11.3054732511, 5, 0.08, -0.133, -63, 0.203, 0.118, 23, 0.245, 0.103, 18, 0.207, -0.112, -7, 0.205, -0.027, 12,  , , ,  , , ,  , , ,  , , ,  , , , 0.25437037037, 100.0, -3.0, 23.6333230725, 0.305185185185, 100.0, 
5, 56, 10.8952810696, 5, 0.106, 0.132, 51, 0.07, 0.127, 77, 0.201, 0.15, 38, 0.078, 0.117, 88, 0.098, -0.107, -43,  , , ,  , , ,  , , ,  , , ,  , , , 0.136481481481, 100.0, -1.0, 23.9402015286, 0.252027777778, 100.0, 
5, 10, 11.0557307722, 5, 0.08, -0.133, -63, 0.203, 0.118, 23, 0.245, 0.103, 18, 0.207, -0.112, -7, 0.02, -0.126, -70,  , , ,  , , ,  , , ,  , , ,  , , , 0.213157407407, 100.0, -3.0, 23.2985313927, 0.250490740741, 100.0, 
5, 67, 9.78283093224, 5, 0.066, 0.116, 72, 0.07, 0.118, 77, 0.201, 0.15, 38, 0.078, 0.117, 88, 0.098, -0.107, -43,  , , ,  , , ,  , , ,  , , ,  , , , 0.049537037037, 100.0, -3.0, 5.40024229009, 0.0345925925926, 100.0, 
5, 29, 10.2786709148, 5, 0.106, 0.132, 51, 0.07, 0.118, 77, 0.201, 0.15, 38, 0.078, 0.117, 88, 0.098, -0.107, -43,  , , ,  , , ,  , , ,  , , ,  , , , 0.0688518518519, 100.0, -3.0, 4.43299956114, 0.243222222222, 100.0, 
5, 42, 11.4300937593, 4, 0.218, -0.114, -63, 0.234, -0.104, -63, 0.128, 0.11, 50, 0.046, 0.142, -68,  , , ,  , , ,  , , ,  , , ,  , , ,  , , , 0.20087962963, 100.0, -3.0, 23.0408590524, 0.293861111111, 100.0, 
5, 69, 10.6227730117, 5, 0.106, 0.132, 51, 0.07, 0.118, 77, 0.201, 0.15, 38, 0.078, 0.117, 88, 0.098, -0.107, -43,  , , ,  , , ,  , , ,  , , ,  , , , 0.0473981481481, 100.0, -3.0, 21.3665267542, 0.246092592593, 100.0, 
5, 10, 11.0557307722, 5, 0.08, -0.133, -63, 0.203, 0.118, 23, 0.245, 0.103, 18, 0.207, -0.112, -7, 0.02, -0.126, -70,  , , ,  , , ,  , , ,  , , ,  , , , 0.213157407407, 100.0, -3.0, 23.2985313927, 0.250490740741, 100.0, 
5, 48, 10.9800712695, 5, 0.066, 0.116, 72, 0.201, 0.135, 93, 0.217, -0.143, -76, 0.118, -0.12, -59, 0.098, -0.107, -43,  , , ,  , , ,  , , ,  , , ,  , , , 0.165796296296, 100.0, -3.0, 22.8110292486, 0.269935185185, 100.0, 
5, 42, 11.4300937593, 4, 0.218, -0.114, -63, 0.234, -0.104, -63, 0.128, 0.11, 50, 0.046, 0.142, -68,  , , ,  , , ,  , , ,  , , ,  , , ,  , , , 0.20087962963, 100.0, -3.0, 23.0408590524, 0.293861111111, 100.0, 
5, 53, 10.4548360456, 6, 0.08, -0.133, -63, 0.203, 0.118, 23, 0.245, 0.103, 18, 0.207, -0.112, -7, 0.02, -0.126, -70, 0.226, 0.145, -51,  , , ,  , , ,  , , ,  , , , 0.139, 100.0, -3.0, 22.8618709954, 0.203333333333, 100.0, 
5, 42, 11.4300937593, 4, 0.218, -0.114, -63, 0.234, -0.104, -63, 0.128, 0.11, 50, 0.046, 0.142, -68,  , , ,  , , ,  , , ,  , , ,  , , ,  , , , 0.20087962963, 100.0, -3.0, 23.0408590524, 0.293861111111, 100.0, 
6, 77, 14.7139467683, 5, 0.22, 0.118, -73, 0.203, 0.118, 23, 0.245, 0.103, 18, 0.207, -0.112, -7, 0.205, -0.027, 12,  , , ,  , , ,  , , ,  , , ,  , , , 0.208666666667, 100.0, 0.076287037037, 100.0, 0.262805555556, 100.0, 
6, 42, 11.4300937593, 4, 0.218, -0.114, -63, 0.234, -0.104, -63, 0.128, 0.11, 50, 0.046, 0.142, -68,  , , ,  , , ,  , , ,  , , ,  , , ,  , , , 0.20087962963, 100.0, -3.0, 23.0408590524, 0.293861111111, 100.0, 
6, 83, 7.46515416614, 5, 0.218, -0.114, -63, 0.217, 0.126, -14, 0.201, 0.15, 38, 0.078, 0.117, 88, 0.098, -0.107, -43,  , , ,  , , ,  , , ,  , , ,  , , , -3.0, 43.1600691713, -1.0, 23.8830277127, 0.175148148148, 100.0, 
6, 53, 10.4548360456, 6, 0.08, -0.133, -63, 0.203, 0.118, 23, 0.245, 0.103, 18, 0.207, -0.112, -7, 0.02, -0.126, -70, 0.226, 0.145, -51,  , , ,  , , ,  , , ,  , , , 0.139, 100.0, -3.0, 22.8618709954, 0.203333333333, 100.0, 
6, 53, 10.4548360456, 6, 0.08, -0.133, -63, 0.203, 0.118, 23, 0.245, 0.103, 18, 0.207, -0.112, -7, 0.02, -0.126, -70, 0.226, 0.145, -51,  , , ,  , , ,  , , ,  , , , 0.139, 100.0, -3.0, 22.8618709954, 0.203333333333, 100.0, 
6, 10, 11.0557307722, 5, 0.08, -0.133, -63, 0.203, 0.118, 23, 0.245, 0.103, 18, 0.207, -0.112, -7, 0.02, -0.126, -70,  , , ,  , , ,  , , ,  , , ,  , , , 0.213157407407, 100.0, -3.0, 23.2985313927, 0.250490740741, 100.0, 
6, 56, 10.8952810696, 5, 0.106, 0.132, 51, 0.07, 0.127, 77, 0.201, 0.15, 38, 0.078, 0.117, 88, 0.098, -0.107, -43,  , , ,  , , ,  , , ,  , , ,  , , , 0.136481481481, 100.0, -1.0, 23.9402015286, 0.252027777778, 100.0, 
6, 10, 11.0557307722, 5, 0.08, -0.133, -63, 0.203, 0.118, 23, 0.245, 0.103, 18, 0.207, -0.112, -7, 0.02, -0.126, -70,  , , ,  , , ,  , , ,  , , ,  , , , 0.213157407407, 100.0, -3.0, 23.2985313927, 0.250490740741, 100.0, 
6, 63, 11.3054732511, 5, 0.08, -0.133, -63, 0.203, 0.118, 23, 0.245, 0.103, 18, 0.207, -0.112, -7, 0.205, -0.027, 12,  , , ,  , , ,  , , ,  , , ,  , , , 0.25437037037, 100.0, -3.0, 23.6333230725, 0.305185185185, 100.0, 
6, 42, 11.4300937593, 4, 0.218, -0.114, -63, 0.234, -0.104, -63, 0.128, 0.11, 50, 0.046, 0.142, -68,  , , ,  , , ,  , , ,  , , ,  , , ,  , , , 0.20087962963, 100.0, -3.0, 23.0408590524, 0.293861111111, 100.0, 
6, 63, 11.3054732511, 5, 0.08, -0.133, -63, 0.203, 0.118, 23, 0.245, 0.103, 18, 0.207, -0.112, -7, 0.205, -0.027, 12,  , , ,  , , ,  , , ,  , , ,  , , , 0.25437037037, 100.0, -3.0, 23.6333230725, 0.305185185185, 100.0, 
6, 83, 7.46515416614, 5, 0.218, -0.114, -63, 0.217, 0.126, -14, 0.201, 0.15, 38, 0.078, 0.117, 88, 0.098, -0.107, -43,  , , ,  , , ,  , , ,  , , ,  , , , -3.0, 43.1600691713, -1.0, 23.8830277127, 0.175148148148, 100.0, 
6, 77, 14.7139467683, 5, 0.22, 0.118, -73, 0.203, 0.118, 23, 0.245, 0.103, 18, 0.207, -0.112, -7, 0.205, -0.027, 12,  , , ,  , , ,  , , ,  , , ,  , , , 0.208666666667, 100.0, 0.076287037037, 100.0, 0.262805555556, 100.0, 
6, 77, 14.7139467683, 5, 0.22, 0.118, -73, 0.203, 0.118, 23, 0.245, 0.103, 18, 0.207, -0.112, -7, 0.205, -0.027, 12,  , , ,  , , ,  , , ,  , , ,  , , , 0.208666666667, 100.0, 0.076287037037, 100.0, 0.262805555556, 100.0, 
6, 42, 11.4300937593, 4, 0.218, -0.114, -63, 0.234, -0.104, -63, 0.128, 0.11, 50, 0.046, 0.142, -68,  , , ,  , , ,  , , ,  , , ,  , , ,  , , , 0.20087962963, 100.0, -3.0, 23.0408590524, 0.293861111111, 100.0, 
6, 42, 11.4300937593, 4, 0.218, -0.114, -63, 0.234, -0.104, -63, 0.128, 0.11, 50, 0.046, 0.142, -68,  , , ,  , , ,  , , ,  , , ,  , , ,  , , , 0.20087962963, 100.0, -3.0, 23.0408590524, 0.293861111111, 100.0, 
6, 10, 11.0557307722, 5, 0.08, -0.133, -63, 0.203, 0.118, 23, 0.245, 0.103, 18, 0.207, -0.112, -7, 0.02, -0.126, -70,  , , ,  , , ,  , , ,  , , ,  , , , 0.213157407407, 100.0, -3.0, 23.2985313927, 0.250490740741, 100.0, 
6, 10, 11.0557307722, 5, 0.08, -0.133, -63, 0.203, 0.118, 23, 0.245, 0.103, 18, 0.207, -0.112, -7, 0.02, -0.126, -70,  , , ,  , , ,  , , ,  , , ,  , , , 0.213157407407, 100.0, -3.0, 23.2985313927, 0.250490740741, 100.0, 
6, 79, 11.1856954192, 4, 0.238, -0.114, -63, 0.234, -0.104, -63, 0.128, 0.11, 50, 0.046, 0.142, -68,  , , ,  , , ,  , , ,  , , ,  , , ,  , , , 0.187509259259, 100.0, -1.0, 21.4301936691, 0.225148148148, 100.0, 
6, 53, 10.4548360456, 6, 0.08, -0.133, -63, 0.203, 0.118, 23, 0.245, 0.103, 18, 0.207, -0.112, -7, 0.02, -0.126, -70, 0.226, 0.145, -51,  , , ,  , , ,  , , ,  , , , 0.139, 100.0, -3.0, 22.8618709954, 0.203333333333, 100.0, 
6, 63, 11.3054732511, 5, 0.08, -0.133, -63, 0.203, 0.118, 23, 0.245, 0.103, 18, 0.207, -0.112, -7, 0.205, -0.027, 12,  , , ,  , , ,  , , ,  , , ,  , , , 0.25437037037, 100.0, -3.0, 23.6333230725, 0.305185185185, 100.0, 
6, 48, 10.9800712695, 5, 0.066, 0.116, 72, 0.201, 0.135, 93, 0.217, -0.143, -76, 0.118, -0.12, -59, 0.098, -0.107, -43,  , , ,  , , ,  , , ,  , , ,  , , , 0.165796296296, 100.0, -3.0, 22.8110292486, 0.269935185185, 100.0, 
6, 10, 11.0557307722, 5, 0.08, -0.133, -63, 0.203, 0.118, 23, 0.245, 0.103, 18, 0.207, -0.112, -7, 0.02, -0.126, -70,  , , ,  , , ,  , , ,  , , ,  , , , 0.213157407407, 100.0, -3.0, 23.2985313927, 0.250490740741, 100.0, 
6, 10, 11.0557307722, 5, 0.08, -0.133, -63, 0.203, 0.118, 23, 0.245, 0.103, 18, 0.207, -0.112, -7, 0.02, -0.126, -70,  , , ,  , , ,  , , ,  , , ,  , , , 0.213157407407, 100.0, -3.0, 23.2985313927, 0.250490740741, 100.0, 
6, 82, 11.1707312484, 4, 0.026, 0.13, 61, 0.234, -0.104, -63, 0.128, 0.11, 50, 0.046, 0.142, -68,  , , ,  , , ,  , , ,  , , ,  , , ,  , , , 0.163833333333, 100.0, -1.0, 22.031473084, 0.235740740741, 100.0, 
6, 71, 11.6454101893, 5, 0.08, -0.133, -63, 0.203, 0.118, 23, 0.245, 0.103, 18, 0.207, -0.112, -7, 0.225, -0.136, 44,  , , ,  , , ,  , , ,  , , ,  , , , 0.232194444444, 100.0, -3.0, 43.1445434525, 0.256212962963, 100.0, 
6, 42, 11.4300937593, 4, 0.218, -0.114, -63, 0.234, -0.104, -63, 0.128, 0.11, 50, 0.046, 0.142, -68,  , , ,  , , ,  , , ,  , , ,  , , ,  , , , 0.20087962963, 100.0, -3.0, 23.0408590524, 0.293861111111, 100.0, 
6, 77, 14.7139467683, 5, 0.22, 0.118, -73, 0.203, 0.118, 23, 0.245, 0.103, 18, 0.207, -0.112, -7, 0.205, -0.027, 12,  , , ,  , , ,  , , ,  , , ,  , , , 0.208666666667, 100.0, 0.076287037037, 100.0, 0.262805555556, 100.0, 
6, 42, 11.4300937593, 4, 0.218, -0.114, -63, 0.234, -0.104, -63, 0.128, 0.11, 50, 0.046, 0.142, -68,  , , ,  , , ,  , , ,  , , ,  , , ,  , , , 0.20087962963, 100.0, -3.0, 23.0408590524, 0.293861111111, 100.0, 
6, 82, 11.1707312484, 4, 0.026, 0.13, 61, 0.234, -0.104, -63, 0.128, 0.11, 50, 0.046, 0.142, -68,  , , ,  , , ,  , , ,  , , ,  , , ,  , , , 0.163833333333, 100.0, -1.0, 22.031473084, 0.235740740741, 100.0, 
7, 84, 11.3983193126, 4, 0.218, -0.114, -63, 0.234, -0.119, -63, 0.128, 0.11, 50, 0.046, 0.142, -68,  , , ,  , , ,  , , ,  , , ,  , , ,  , , , 0.201009259259, 100.0, -1.0, 22.8268155685, 0.283453703704, 100.0, 
7, 83, 7.46515416614, 5, 0.218, -0.114, -63, 0.217, 0.126, -14, 0.201, 0.15, 38, 0.078, 0.117, 88, 0.098, -0.107, -43,  , , ,  , , ,  , , ,  , , ,  , , , -3.0, 43.1600691713, -1.0, 23.8830277127, 0.175148148148, 100.0, 
7, 48, 10.9800712695, 5, 0.066, 0.116, 72, 0.201, 0.135, 93, 0.217, -0.143, -76, 0.118, -0.12, -59, 0.098, -0.107, -43,  , , ,  , , ,  , , ,  , , ,  , , , 0.165796296296, 100.0, -3.0, 22.8110292486, 0.269935185185, 100.0, 
7, 77, 14.7139467683, 5, 0.22, 0.118, -73, 0.203, 0.118, 23, 0.245, 0.103, 18, 0.207, -0.112, -7, 0.205, -0.027, 12,  , , ,  , , ,  , , ,  , , ,  , , , 0.208666666667, 100.0, 0.076287037037, 100.0, 0.262805555556, 100.0, 
7, 42, 11.4300937593, 4, 0.218, -0.114, -63, 0.234, -0.104, -63, 0.128, 0.11, 50, 0.046, 0.142, -68,  , , ,  , , ,  , , ,  , , ,  , , ,  , , , 0.20087962963, 100.0, -3.0, 23.0408590524, 0.293861111111, 100.0, 
7, 42, 11.4300937593, 4, 0.218, -0.114, -63, 0.234, -0.104, -63, 0.128, 0.11, 50, 0.046, 0.142, -68,  , , ,  , , ,  , , ,  , , ,  , , ,  , , , 0.20087962963, 100.0, -3.0, 23.0408590524, 0.293861111111, 100.0, 
7, 91, 10.9262037325, 5, 0.08, -0.133, -63, 0.203, 0.118, 23, 0.245, 0.103, 18, 0.207, -0.112, -7, 0.205, -0.027, 12,  , , ,  , , ,  , , ,  , , ,  , , , 0.09725, 100.0, -3.0, 23.0721254583, 0.306740740741, 100.0, 
7, 77, 14.7139467683, 5, 0.22, 0.118, -73, 0.203, 0.118, 23, 0.245, 0.103, 18, 0.207, -0.112, -7, 0.205, -0.027, 12,  , , ,  , , ,  , , ,  , , ,  , , , 0.208666666667, 100.0, 0.076287037037, 100.0, 0.262805555556, 100.0, 
7, 42, 11.4300937593, 4, 0.218, -0.114, -63, 0.234, -0.104, -63, 0.128, 0.11, 50, 0.046, 0.142, -68,  , , ,  , , ,  , , ,  , , ,  , , ,  , , , 0.20087962963, 100.0, -3.0, 23.0408590524, 0.293861111111, 100.0, 
7, 63, 11.3054732511, 5, 0.08, -0.133, -63, 0.203, 0.118, 23, 0.245, 0.103, 18, 0.207, -0.112, -7, 0.205, -0.027, 12,  , , ,  , , ,  , , ,  , , ,  , , , 0.25437037037, 100.0, -3.0, 23.6333230725, 0.305185185185, 100.0, 
7, 42, 11.4300937593, 4, 0.218, -0.114, -63, 0.234, -0.104, -63, 0.128, 0.11, 50, 0.046, 0.142, -68,  , , ,  , , ,  , , ,  , , ,  , , ,  , , , 0.20087962963, 100.0, -3.0, 23.0408590524, 0.293861111111, 100.0, 
7, 77, 14.7139467683, 5, 0.22, 0.118, -73, 0.203, 0.118, 23, 0.245, 0.103, 18, 0.207, -0.112, -7, 0.205, -0.027, 12,  , , ,  , , ,  , , ,  , , ,  , , , 0.208666666667, 100.0, 0.076287037037, 100.0, 0.262805555556, 100.0, 
7, 10, 11.0557307722, 5, 0.08, -0.133, -63, 0.203, 0.118, 23, 0.245, 0.103, 18, 0.207, -0.112, -7, 0.02, -0.126, -70,  , , ,  , , ,  , , ,  , , ,  , , , 0.213157407407, 100.0, -3.0, 23.2985313927, 0.250490740741, 100.0, 
7, 63, 11.3054732511, 5, 0.08, -0.133, -63, 0.203, 0.118, 23, 0.245, 0.103, 18, 0.207, -0.112, -7, 0.205, -0.027, 12,  , , ,  , , ,  , , ,  , , ,  , , , 0.25437037037, 100.0, -3.0, 23.6333230725, 0.305185185185, 100.0, 
7, 63, 11.3054732511, 5, 0.08, -0.133, -63, 0.203, 0.118, 23, 0.245, 0.103, 18, 0.207, -0.112, -7, 0.205, -0.027, 12,  , , ,  , , ,  , , ,  , , ,  , , , 0.25437037037, 100.0, -3.0, 23.6333230725, 0.305185185185, 100.0, 
7, 63, 11.3054732511, 5, 0.08, -0.133, -63, 0.203, 0.118, 23, 0.245, 0.103, 18, 0.207, -0.112, -7, 0.205, -0.027, 12,  , , ,  , , ,  , , ,  , , ,  , , , 0.25437037037, 100.0, -3.0, 23.6333230725, 0.305185185185, 100.0, 
7, 71, 11.6454101893, 5, 0.08, -0.133, -63, 0.203, 0.118, 23, 0.245, 0.103, 18, 0.207, -0.112, -7, 0.225, -0.136, 44,  , , ,  , , ,  , , ,  , , ,  , , , 0.232194444444, 100.0, -3.0, 43.1445434525, 0.256212962963, 100.0, 
7, 85, 10.9515062351, 5, 0.08, -0.133, -63, 0.203, 0.118, 23, 0.245, 0.103, 18, 0.207, -0.112, -7, 0.205, -0.027, 12,  , , ,  , , ,  , , ,  , , ,  , , , 0.153148148148, 100.0, -1.0, 23.5920151047, 0.262638888889, 100.0, 
7, 84, 11.3983193126, 4, 0.218, -0.114, -63, 0.234, -0.119, -63, 0.128, 0.11, 50, 0.046, 0.142, -68,  , , ,  , , ,  , , ,  , , ,  , , ,  , , , 0.201009259259, 100.0, -1.0, 22.8268155685, 0.283453703704, 100.0, 
7, 42, 11.4300937593, 4, 0.218, -0.114, -63, 0.234, -0.104, -63, 0.128, 0.11, 50, 0.046, 0.142, -68,  , , ,  , , ,  , , ,  , , ,  , , ,  , , , 0.20087962963, 100.0, -3.0, 23.0408590524, 0.293861111111, 100.0, 
7, 63, 11.3054732511, 5, 0.08, -0.133, -63, 0.203, 0.118, 23, 0.245, 0.103, 18, 0.207, -0.112, -7, 0.205, -0.027, 12,  , , ,  , , ,  , , ,  , , ,  , , , 0.25437037037, 100.0, -3.0, 23.6333230725, 0.305185185185, 100.0, 
7, 10, 11.0557307722, 5, 0.08, -0.133, -63, 0.203, 0.118, 23, 0.245, 0.103, 18, 0.207, -0.112, -7, 0.02, -0.126, -70,  , , ,  , , ,  , , ,  , , ,  , , , 0.213157407407, 100.0, -3.0, 23.2985313927, 0.250490740741, 100.0, 
7, 42, 11.4300937593, 4, 0.218, -0.114, -63, 0.234, -0.104, -63, 0.128, 0.11, 50, 0.046, 0.142, -68,  , , ,  , , ,  , , ,  , , ,  , , ,  , , , 0.20087962963, 100.0, -3.0, 23.0408590524, 0.293861111111, 100.0, 
7, 86, 11.1804201761, 5, 0.22, 0.118, -73, 0.203, 0.118, 23, 0.245, 0.103, 18, 0.207, -0.112, -7, 0.205, -0.027, 12,  , , ,  , , ,  , , ,  , , ,  , , , 0.237407407407, 100.0, -3.0, 23.316219055, 0.276148148148, 100.0, 
7, 56, 10.8952810696, 5, 0.106, 0.132, 51, 0.07, 0.127, 77, 0.201, 0.15, 38, 0.078, 0.117, 88, 0.098, -0.107, -43,  , , ,  , , ,  , , ,  , , ,  , , , 0.136481481481, 100.0, -1.0, 23.9402015286, 0.252027777778, 100.0, 
7, 42, 11.4300937593, 4, 0.218, -0.114, -63, 0.234, -0.104, -63, 0.128, 0.11, 50, 0.046, 0.142, -68,  , , ,  , , ,  , , ,  , , ,  , , ,  , , , 0.20087962963, 100.0, -3.0, 23.0408590524, 0.293861111111, 100.0, 
7, 63, 11.3054732511, 5, 0.08, -0.133, -63, 0.203, 0.118, 23, 0.245, 0.103, 18, 0.207, -0.112, -7, 0.205, -0.027, 12,  , , ,  , , ,  , , ,  , , ,  , , , 0.25437037037, 100.0, -3.0, 23.6333230725, 0.305185185185, 100.0, 
7, 77, 14.7139467683, 5, 0.22, 0.118, -73, 0.203, 0.118, 23, 0.245, 0.103, 18, 0.207, -0.112, -7, 0.205, -0.027, 12,  , , ,  , , ,  , , ,  , , ,  , , , 0.208666666667, 100.0, 0.076287037037, 100.0, 0.262805555556, 100.0, 
7, 42, 11.4300937593, 4, 0.218, -0.114, -63, 0.234, -0.104, -63, 0.128, 0.11, 50, 0.046, 0.142, -68,  , , ,  , , ,  , , ,  , , ,  , , ,  , , , 0.20087962963, 100.0, -3.0, 23.0408590524, 0.293861111111, 100.0, 
7, 89, 11.0364492455, 5, 0.22, 0.118, -73, 0.203, 0.118, 23, 0.245, 0.103, 18, 0.207, -0.112, -7, 0.205, -0.027, 12,  , , ,  , , ,  , , ,  , , ,  , , , 0.168592592593, 100.0, -1.0, 23.645134332, 0.281416666667, 100.0, 
8, 94, 11.5540157227, 3, 0.234, -0.104, -63, 0.128, 0.11, 50, 0.046, 0.142, -68,  , , ,  , , ,  , , ,  , , ,  , , ,  , , ,  , , , 0.189925925926, 100.0, -1.0, 21.9835171682, 0.245027777778, 100.0, 
8, 77, 14.7139467683, 5, 0.22, 0.118, -73, 0.203, 0.118, 23, 0.245, 0.103, 18, 0.207, -0.112, -7, 0.205, -0.027, 12,  , , ,  , , ,  , , ,  , , ,  , , , 0.208666666667, 100.0, 0.076287037037, 100.0, 0.262805555556, 100.0, 
8, 102, 11.2306941055, 4, 0.218, -0.114, -63, 0.234, -0.119, -63, 0.128, 0.11, 50, 0.098, -0.107, -43,  , , ,  , , ,  , , ,  , , ,  , , ,  , , , 0.164462962963, 100.0, -1.0, 22.8923065675, 0.250787037037, 100.0, 
8, 105, 11.4890403988, 3, 0.106, 0.132, 51, 0.07, 0.127, 77, 0.046, 0.142, -68,  , , ,  , , ,  , , ,  , , ,  , , ,  , , ,  , , , 0.172407407407, 100.0, -3.0, 21.3764804654, 0.241481481481, 100.0, 
8, 86, 11.1804201761, 5, 0.22, 0.118, -73, 0.203, 0.118, 23, 0.245, 0.103, 18, 0.207, -0.112, -7, 0.205, -0.027, 12,  , , ,  , , ,  , , ,  , , ,  , , , 0.237407407407, 100.0, -3.0, 23.316219055, 0.276148148148, 100.0, 
8, 10, 11.0557307722, 5, 0.08, -0.133, -63, 0.203, 0.118, 23, 0.245, 0.103, 18, 0.207, -0.112, -7, 0.02, -0.126, -70,  , , ,  , , ,  , , ,  , , ,  , , , 0.213157407407, 100.0, -3.0, 23.2985313927, 0.250490740741, 100.0, 
8, 63, 11.3054732511, 5, 0.08, -0.133, -63, 0.203, 0.118, 23, 0.245, 0.103, 18, 0.207, -0.112, -7, 0.205, -0.027, 12,  , , ,  , , ,  , , ,  , , ,  , , , 0.25437037037, 100.0, -3.0, 23.6333230725, 0.305185185185, 100.0, 
8, 71, 11.6454101893, 5, 0.08, -0.133, -63, 0.203, 0.118, 23, 0.245, 0.103, 18, 0.207, -0.112, -7, 0.225, -0.136, 44,  , , ,  , , ,  , , ,  , , ,  , , , 0.232194444444, 100.0, -3.0, 43.1445434525, 0.256212962963, 100.0, 
8, 63, 11.3054732511, 5, 0.08, -0.133, -63, 0.203, 0.118, 23, 0.245, 0.103, 18, 0.207, -0.112, -7, 0.205, -0.027, 12,  , , ,  , , ,  , , ,  , , ,  , , , 0.25437037037, 100.0, -3.0, 23.6333230725, 0.305185185185, 100.0, 
8, 84, 11.3983193126, 4, 0.218, -0.114, -63, 0.234, -0.119, -63, 0.128, 0.11, 50, 0.046, 0.142, -68,  , , ,  , , ,  , , ,  , , ,  , , ,  , , , 0.201009259259, 100.0, -1.0, 22.8268155685, 0.283453703704, 100.0, 
8, 10, 11.0557307722, 5, 0.08, -0.133, -63, 0.203, 0.118, 23, 0.245, 0.103, 18, 0.207, -0.112, -7, 0.02, -0.126, -70,  , , ,  , , ,  , , ,  , , ,  , , , 0.213157407407, 100.0, -3.0, 23.2985313927, 0.250490740741, 100.0, 
8, 93, 11.2177158178, 5, 0.218, -0.114, -63, 0.217, -0.124, 25, 0.201, 0.15, 38, 0.078, 0.117, 88, 0.098, -0.107, -43,  , , ,  , , ,  , , ,  , , ,  , , , 0.121481481481, 100.0, -3.0, 42.9910579241, 0.189685185185, 100.0, 
8, 105, 11.4890403988, 3, 0.106, 0.132, 51, 0.07, 0.127, 77, 0.046, 0.142, -68,  , , ,  , , ,  , , ,  , , ,  , , ,  , , ,  , , , 0.172407407407, 100.0, -3.0, 21.3764804654, 0.241481481481, 100.0, 
8, 42, 11.4300937593, 4, 0.218, -0.114, -63, 0.234, -0.104, -63, 0.128, 0.11, 50, 0.046, 0.142, -68,  , , ,  , , ,  , , ,  , , ,  , , ,  , , , 0.20087962963, 100.0, -3.0, 23.0408590524, 0.293861111111, 100.0, 
8, 77, 14.7139467683, 5, 0.22, 0.118, -73, 0.203, 0.118, 23, 0.245, 0.103, 18, 0.207, -0.112, -7, 0.205, -0.027, 12,  , , ,  , , ,  , , ,  , , ,  , , , 0.208666666667, 100.0, 0.076287037037, 100.0, 0.262805555556, 100.0, 
8, 63, 11.3054732511, 5, 0.08, -0.133, -63, 0.203, 0.118, 23, 0.245, 0.103, 18, 0.207, -0.112, -7, 0.205, -0.027, 12,  , , ,  , , ,  , , ,  , , ,  , , , 0.25437037037, 100.0, -3.0, 23.6333230725, 0.305185185185, 100.0, 
8, 71, 11.6454101893, 5, 0.08, -0.133, -63, 0.203, 0.118, 23, 0.245, 0.103, 18, 0.207, -0.112, -7, 0.225, -0.136, 44,  , , ,  , , ,  , , ,  , , ,  , , , 0.232194444444, 100.0, -3.0, 43.1445434525, 0.256212962963, 100.0, 
8, 86, 11.1804201761, 5, 0.22, 0.118, -73, 0.203, 0.118, 23, 0.245, 0.103, 18, 0.207, -0.112, -7, 0.205, -0.027, 12,  , , ,  , , ,  , , ,  , , ,  , , , 0.237407407407, 100.0, -3.0, 23.316219055, 0.276148148148, 100.0, 
8, 89, 11.0364492455, 5, 0.22, 0.118, -73, 0.203, 0.118, 23, 0.245, 0.103, 18, 0.207, -0.112, -7, 0.205, -0.027, 12,  , , ,  , , ,  , , ,  , , ,  , , , 0.168592592593, 100.0, -1.0, 23.645134332, 0.281416666667, 100.0, 
8, 63, 11.3054732511, 5, 0.08, -0.133, -63, 0.203, 0.118, 23, 0.245, 0.103, 18, 0.207, -0.112, -7, 0.205, -0.027, 12,  , , ,  , , ,  , , ,  , , ,  , , , 0.25437037037, 100.0, -3.0, 23.6333230725, 0.305185185185, 100.0, 
8, 103, 11.2953077426, 4, 0.106, 0.132, 51, 0.07, 0.127, 77, 0.201, 0.15, 38, 0.046, 0.142, -68,  , , ,  , , ,  , , ,  , , ,  , , ,  , , , 0.180861111111, 100.0, -1.0, 23.8396465413, 0.251898148148, 100.0, 
8, 63, 11.3054732511, 5, 0.08, -0.133, -63, 0.203, 0.118, 23, 0.245, 0.103, 18, 0.207, -0.112, -7, 0.205, -0.027, 12,  , , ,  , , ,  , , ,  , , ,  , , , 0.25437037037, 100.0, -3.0, 23.6333230725, 0.305185185185, 100.0, 
8, 63, 11.3054732511, 5, 0.08, -0.133, -63, 0.203, 0.118, 23, 0.245, 0.103, 18, 0.207, -0.112, -7, 0.205, -0.027, 12,  , , ,  , , ,  , , ,  , , ,  , , , 0.25437037037, 100.0, -3.0, 23.6333230725, 0.305185185185, 100.0, 
8, 89, 11.0364492455, 5, 0.22, 0.118, -73, 0.203, 0.118, 23, 0.245, 0.103, 18, 0.207, -0.112, -7, 0.205, -0.027, 12,  , , ,  , , ,  , , ,  , , ,  , , , 0.168592592593, 100.0, -1.0, 23.645134332, 0.281416666667, 100.0, 
8, 93, 11.2177158178, 5, 0.218, -0.114, -63, 0.217, -0.124, 25, 0.201, 0.15, 38, 0.078, 0.117, 88, 0.098, -0.107, -43,  , , ,  , , ,  , , ,  , , ,  , , , 0.121481481481, 100.0, -3.0, 42.9910579241, 0.189685185185, 100.0, 
8, 10, 11.0557307722, 5, 0.08, -0.133, -63, 0.203, 0.118, 23, 0.245, 0.103, 18, 0.207, -0.112, -7, 0.02, -0.126, -70,  , , ,  , , ,  , , ,  , , ,  , , , 0.213157407407, 100.0, -3.0, 23.2985313927, 0.250490740741, 100.0, 
8, 42, 11.4300937593, 4, 0.218, -0.114, -63, 0.234, -0.104, -63, 0.128, 0.11, 50, 0.046, 0.142, -68,  , , ,  , , ,  , , ,  , , ,  , , ,  , , , 0.20087962963, 100.0, -3.0, 23.0408590524, 0.293861111111, 100.0, 
8, 77, 14.7139467683, 5, 0.22, 0.118, -73, 0.203, 0.118, 23, 0.245, 0.103, 18, 0.207, -0.112, -7, 0.205, -0.027, 12,  , , ,  , , ,  , , ,  , , ,  , , , 0.208666666667, 100.0, 0.076287037037, 100.0, 0.262805555556, 100.0, 
8, 84, 11.3983193126, 4, 0.218, -0.114, -63, 0.234, -0.119, -63, 0.128, 0.11, 50, 0.046, 0.142, -68,  , , ,  , , ,  , , ,  , , ,  , , ,  , , , 0.201009259259, 100.0, -1.0, 22.8268155685, 0.283453703704, 100.0, 
8, 42, 11.4300937593, 4, 0.218, -0.114, -63, 0.234, -0.104, -63, 0.128, 0.11, 50, 0.046, 0.142, -68,  , , ,  , , ,  , , ,  , , ,  , , ,  , , , 0.20087962963, 100.0, -3.0, 23.0408590524, 0.293861111111, 100.0, 
9, 117, 11.4684383487, 4, 0.08, -0.133, -63, 0.203, 0.118, 23, 0.245, 0.103, 18, 0.046, 0.142, -68,  , , ,  , , ,  , , ,  , , ,  , , ,  , , , 0.226175925926, 100.0, -3.0, 22.8012107186, 0.287212962963, 100.0, 
9, 77, 14.7139467683, 5, 0.22, 0.118, -73, 0.203, 0.118, 23, 0.245, 0.103, 18, 0.207, -0.112, -7, 0.205, -0.027, 12,  , , ,  , , ,  , , ,  , , ,  , , , 0.208666666667, 100.0, 0.076287037037, 100.0, 0.262805555556, 100.0, 
9, 115, 10.8304199574, 5, 0.22, 0.118, -73, 0.203, 0.118, 23, 0.245, 0.103, 18, 0.207, -0.112, -7, 0.205, -0.027, 12,  , , ,  , , ,  , , ,  , , ,  , , , 0.0955833333333, 100.0, -3.0, 23.4820307111, 0.267018518519, 100.0, 
9, 63, 11.3054732511, 5, 0.08, -0.133, -63, 0.203, 0.118, 23, 0.245, 0.103, 18, 0.207, -0.112, -7, 0.205, -0.027, 12,  , , ,  , , ,  , , ,  , , ,  , , , 0.25437037037, 100.0, -3.0, 23.6333230725, 0.305185185185, 100.0, 
9, 77, 14.7139467683, 5, 0.22, 0.118, -73, 0.203, 0.118, 23, 0.245, 0.103, 18, 0.207, -0.112, -7, 0.205, -0.027, 12,  , , ,  , , ,  , , ,  , , ,  , , , 0.208666666667, 100.0, 0.076287037037, 100.0, 0.262805555556, 100.0, 
9, 114, 11.1079920061, 5, 0.08, -0.133, -63, 0.203, 0.118, 23, 0.245, 0.103, 18, 0.207, -0.112, -7, 0.205, -0.027, 12,  , , ,  , , ,  , , ,  , , ,  , , , 0.225796296296, 100.0, -3.0, 23.6892215478, 0.255194444444, 100.0, 
9, 84, 11.3983193126, 4, 0.218, -0.114, -63, 0.234, -0.119, -63, 0.128, 0.11, 50, 0.046, 0.142, -68,  , , ,  , , ,  , , ,  , , ,  , , ,  , , , 0.201009259259, 100.0, -1.0, 22.8268155685, 0.283453703704, 100.0, 
9, 111, 10.628658932, 6, 0.08, -0.133, -63, 0.203, 0.118, 23, 0.245, 0.103, 18, 0.207, -0.112, -7, 0.205, -0.027, 12, 0.204, -0.15, 15,  , , ,  , , ,  , , ,  , , , 0.153768518519, 100.0, -1.0, 22.6135076586, 0.262564814815, 100.0, 
9, 63, 11.3054732511, 5, 0.08, -0.133, -63, 0.203, 0.118, 23, 0.245, 0.103, 18, 0.207, -0.112, -7, 0.205, -0.027, 12,  , , ,  , , ,  , , ,  , , ,  , , , 0.25437037037, 100.0, -3.0, 23.6333230725, 0.305185185185, 100.0, 
9, 42, 11.4300937593, 4, 0.218, -0.114, -63, 0.234, -0.104, -63, 0.128, 0.11, 50, 0.046, 0.142, -68,  , , ,  , , ,  , , ,  , , ,  , , ,  , , , 0.20087962963, 100.0, -3.0, 23.0408590524, 0.293861111111, 100.0, 
9, 84, 11.3983193126, 4, 0.218, -0.114, -63, 0.234, -0.119, -63, 0.128, 0.11, 50, 0.046, 0.142, -68,  , , ,  , , ,  , , ,  , , ,  , , ,  , , , 0.201009259259, 100.0, -1.0, 22.8268155685, 0.283453703704, 100.0, 
9, 117, 11.4684383487, 4, 0.08, -0.133, -63, 0.203, 0.118, 23, 0.245, 0.103, 18, 0.046, 0.142, -68,  , , ,  , , ,  , , ,  , , ,  , , ,  , , , 0.226175925926, 100.0, -3.0, 22.8012107186, 0.287212962963, 100.0, 
9, 77, 14.7139467683, 5, 0.22, 0.118, -73, 0.203, 0.118, 23, 0.245, 0.103, 18, 0.207, -0.112, -7, 0.205, -0.027, 12,  , , ,  , , ,  , , ,  , , ,  , , , 0.208666666667, 100.0, 0.076287037037, 100.0, 0.262805555556, 100.0, 
9, 103, 11.2953077426, 4, 0.106, 0.132, 51, 0.07, 0.127, 77, 0.201, 0.15, 38, 0.046, 0.142, -68,  , , ,  , , ,  , , ,  , , ,  , , ,  , , , 0.180861111111, 100.0, -1.0, 23.8396465413, 0.251898148148, 100.0, 
9, 94, 11.5540157227, 3, 0.234, -0.104, -63, 0.128, 0.11, 50, 0.046, 0.142, -68,  , , ,  , , ,  , , ,  , , ,  , , ,  , , ,  , , , 0.189925925926, 100.0, -1.0, 21.9835171682, 0.245027777778, 100.0, 
9, 105, 11.4890403988, 3, 0.106, 0.132, 51, 0.07, 0.127, 77, 0.046, 0.142, -68,  , , ,  , , ,  , , ,  , , ,  , , ,  , , ,  , , , 0.172407407407, 100.0, -3.0, 21.3764804654, 0.241481481481, 100.0, 
9, 105, 11.4890403988, 3, 0.106, 0.132, 51, 0.07, 0.127, 77, 0.046, 0.142, -68,  , , ,  , , ,  , , ,  , , ,  , , ,  , , ,  , , , 0.172407407407, 100.0, -3.0, 21.3764804654, 0.241481481481, 100.0, 
9, 42, 11.4300937593, 4, 0.218, -0.114, -63, 0.234, -0.104, -63, 0.128, 0.11, 50, 0.046, 0.142, -68,  , , ,  , , ,  , , ,  , , ,  , , ,  , , , 0.20087962963, 100.0, -3.0, 23.0408590524, 0.293861111111, 100.0, 
9, 42, 11.4300937593, 4, 0.218, -0.114, -63, 0.234, -0.104, -63, 0.128, 0.11, 50, 0.046, 0.142, -68,  , , ,  , , ,  , , ,  , , ,  , , ,  , , , 0.20087962963, 100.0, -3.0, 23.0408590524, 0.293861111111, 100.0, 
9, 71, 11.6454101893, 5, 0.08, -0.133, -63, 0.203, 0.118, 23, 0.245, 0.103, 18, 0.207, -0.112, -7, 0.225, -0.136, 44,  , , ,  , , ,  , , ,  , , ,  , , , 0.232194444444, 100.0, -3.0, 43.1445434525, 0.256212962963, 100.0, 
9, 77, 14.7139467683, 5, 0.22, 0.118, -73, 0.203, 0.118, 23, 0.245, 0.103, 18, 0.207, -0.112, -7, 0.205, -0.027, 12,  , , ,  , , ,  , , ,  , , ,  , , , 0.208666666667, 100.0, 0.076287037037, 100.0, 0.262805555556, 100.0, 
9, 117, 11.4684383487, 4, 0.08, -0.133, -63, 0.203, 0.118, 23, 0.245, 0.103, 18, 0.046, 0.142, -68,  , , ,  , , ,  , , ,  , , ,  , , ,  , , , 0.226175925926, 100.0, -3.0, 22.8012107186, 0.287212962963, 100.0, 
9, 63, 11.3054732511, 5, 0.08, -0.133, -63, 0.203, 0.118, 23, 0.245, 0.103, 18, 0.207, -0.112, -7, 0.205, -0.027, 12,  , , ,  , , ,  , , ,  , , ,  , , , 0.25437037037, 100.0, -3.0, 23.6333230725, 0.305185185185, 100.0, 
9, 71, 11.6454101893, 5, 0.08, -0.133, -63, 0.203, 0.118, 23, 0.245, 0.103, 18, 0.207, -0.112, -7, 0.225, -0.136, 44,  , , ,  , , ,  , , ,  , , ,  , , , 0.232194444444, 100.0, -3.0, 43.1445434525, 0.256212962963, 100.0, 
9, 84, 11.3983193126, 4, 0.218, -0.114, -63, 0.234, -0.119, -63, 0.128, 0.11, 50, 0.046, 0.142, -68,  , , ,  , , ,  , , ,  , , ,  , , ,  , , , 0.201009259259, 100.0, -1.0, 22.8268155685, 0.283453703704, 100.0, 
9, 77, 14.7139467683, 5, 0.22, 0.118, -73, 0.203, 0.118, 23, 0.245, 0.103, 18, 0.207, -0.112, -7, 0.205, -0.027, 12,  , , ,  , , ,  , , ,  , , ,  , , , 0.208666666667, 100.0, 0.076287037037, 100.0, 0.262805555556, 100.0, 
9, 77, 14.7139467683, 5, 0.22, 0.118, -73, 0.203, 0.118, 23, 0.245, 0.103, 18, 0.207, -0.112, -7, 0.205, -0.027, 12,  , , ,  , , ,  , , ,  , , ,  , , , 0.208666666667, 100.0, 0.076287037037, 100.0, 0.262805555556, 100.0, 
9, 108, 8.83107108137, 5, 0.22, 0.118, -73, 0.203, 0.118, -58, 0.245, 0.103, 18, 0.207, -0.112, -7, 0.205, -0.027, 12,  , , ,  , , ,  , , ,  , , ,  , , , -1.0, 43.9973557991, -1.0, 63.1672407281, 0.263009259259, 100.0, 
9, 105, 11.4890403988, 3, 0.106, 0.132, 51, 0.07, 0.127, 77, 0.046, 0.142, -68,  , , ,  , , ,  , , ,  , , ,  , , ,  , , ,  , , , 0.172407407407, 100.0, -3.0, 21.3764804654, 0.241481481481, 100.0, 
9, 102, 11.2306941055, 4, 0.218, -0.114, -63, 0.234, -0.119, -63, 0.128, 0.11, 50, 0.098, -0.107, -43,  , , ,  , , ,  , , ,  , , ,  , , ,  , , , 0.164462962963, 100.0, -1.0, 22.8923065675, 0.250787037037, 100.0, 
10, 130, 14.8325252858, 5, 0.22, 0.118, -73, 0.203, 0.118, 23, 0.245, 0.103, 18, 0.207, -0.112, -7, 0.205, -0.027, 12,  , , ,  , , ,  , , ,  , , ,  , , , 0.23112037037, 100.0, 0.0942037037037, 100.0, 0.27262962963, 100.0, 
10, 130, 14.8325252858, 5, 0.22, 0.118, -73, 0.203, 0.118, 23, 0.245, 0.103, 18, 0.207, -0.112, -7, 0.205, -0.027, 12,  , , ,  , , ,  , , ,  , , ,  , , , 0.23112037037, 100.0, 0.0942037037037, 100.0, 0.27262962963, 100.0, 
10, 124, 11.8852641008, 4, 0.08, -0.133, -63, 0.203, 0.118, 23, 0.128, 0.11, 50, 0.046, 0.142, -68,  , , ,  , , ,  , , ,  , , ,  , , ,  , , , 0.226138888889, 100.0, -3.0, 43.3255103562, 0.235972222222, 100.0, 
10, 71, 11.6454101893, 5, 0.08, -0.133, -63, 0.203, 0.118, 23, 0.245, 0.103, 18, 0.207, -0.112, -7, 0.225, -0.136, 44,  , , ,  , , ,  , , ,  , , ,  , , , 0.232194444444, 100.0, -3.0, 43.1445434525, 0.256212962963, 100.0, 
10, 77, 14.7139467683, 5, 0.22, 0.118, -73, 0.203, 0.118, 23, 0.245, 0.103, 18, 0.207, -0.112, -7, 0.205, -0.027, 12,  , , ,  , , ,  , , ,  , , ,  , , , 0.208666666667, 100.0, 0.076287037037, 100.0, 0.262805555556, 100.0, 
10, 129, 14.6604836469, 5, 0.22, 0.118, -73, 0.203, 0.118, 23, 0.245, 0.103, 18, 0.207, -0.112, -7, 0.205, -0.027, 12,  , , ,  , , ,  , , ,  , , ,  , , , 0.207583333333, 100.0, 0.0692685185185, 100.0, 0.248555555556, 100.0, 
10, 71, 11.6454101893, 5, 0.08, -0.133, -63, 0.203, 0.118, 23, 0.245, 0.103, 18, 0.207, -0.112, -7, 0.225, -0.136, 44,  , , ,  , , ,  , , ,  , , ,  , , , 0.232194444444, 100.0, -3.0, 43.1445434525, 0.256212962963, 100.0, 
10, 77, 14.7139467683, 5, 0.22, 0.118, -73, 0.203, 0.118, 23, 0.245, 0.103, 18, 0.207, -0.112, -7, 0.205, -0.027, 12,  , , ,  , , ,  , , ,  , , ,  , , , 0.208666666667, 100.0, 0.076287037037, 100.0, 0.262805555556, 100.0, 
10, 120, 14.6634043969, 5, 0.22, -0.133, 43, 0.203, 0.118, 23, 0.245, 0.103, 18, 0.207, -0.112, -7, 0.205, -0.027, 12,  , , ,  , , ,  , , ,  , , ,  , , , 0.223833333333, 100.0, 0.0421944444444, 100.0, 0.256768518519, 100.0, 
10, 77, 14.7139467683, 5, 0.22, 0.118, -73, 0.203, 0.118, 23, 0.245, 0.103, 18, 0.207, -0.112, -7, 0.205, -0.027, 12,  , , ,  , , ,  , , ,  , , ,  , , , 0.208666666667, 100.0, 0.076287037037, 100.0, 0.262805555556, 100.0, 
10, 77, 14.7139467683, 5, 0.22, 0.118, -73, 0.203, 0.118, 23, 0.245, 0.103, 18, 0.207, -0.112, -7, 0.205, -0.027, 12,  , , ,  , , ,  , , ,  , , ,  , , , 0.208666666667, 100.0, 0.076287037037, 100.0, 0.262805555556, 100.0, 
10, 124, 11.8852641008, 4, 0.08, -0.133, -63, 0.203, 0.118, 23, 0.128, 0.11, 50, 0.046, 0.142, -68,  , , ,  , , ,  , , ,  , , ,  , , ,  , , , 0.226138888889, 100.0, -3.0, 43.3255103562, 0.235972222222, 100.0, 
10, 130, 14.8325252858, 5, 0.22, 0.118, -73, 0.203, 0.118, 23, 0.245, 0.103, 18, 0.207, -0.112, -7, 0.205, -0.027, 12,  , , ,  , , ,  , , ,  , , ,  , , , 0.23112037037, 100.0, 0.0942037037037, 100.0, 0.27262962963, 100.0, 
10, 105, 11.4890403988, 3, 0.106, 0.132, 51, 0.07, 0.127, 77, 0.046, 0.142, -68,  , , ,  , , ,  , , ,  , , ,  , , ,  , , ,  , , , 0.172407407407, 100.0, -3.0, 21.3764804654, 0.241481481481, 100.0, 
10, 117, 11.4684383487, 4, 0.08, -0.133, -63, 0.203, 0.118, 23, 0.245, 0.103, 18, 0.046, 0.142, -68,  , , ,  , , ,  , , ,  , , ,  , , ,  , , , 0.226175925926, 100.0, -3.0, 22.8012107186, 0.287212962963, 100.0, 
10, 77, 14.7139467683, 5, 0.22, 0.118, -73, 0.203, 0.118, 23, 0.245, 0.103, 18, 0.207, -0.112, -7, 0.205, -0.027, 12,  , , ,  , , ,  , , ,  , , ,  , , , 0.208666666667, 100.0, 0.076287037037, 100.0, 0.262805555556, 100.0, 
10, 121, 14.312927614, 6, 0.144, -0.133, -63, 0.203, 0.118, 23, 0.245, 0.103, 18, 0.207, -0.112, -7, 0.205, -0.027, 12, 0.204, -0.15, 15,  , , ,  , , ,  , , ,  , , , 0.255296296296, 100.0, 0.0776944444444, 100.0, 0.172916666667, 100.0, 
10, 102, 11.2306941055, 4, 0.218, -0.114, -63, 0.234, -0.119, -63, 0.128, 0.11, 50, 0.098, -0.107, -43,  , , ,  , , ,  , , ,  , , ,  , , ,  , , , 0.164462962963, 100.0, -1.0, 22.8923065675, 0.250787037037, 100.0, 
10, 121, 14.312927614, 6, 0.144, -0.133, -63, 0.203, 0.118, 23, 0.245, 0.103, 18, 0.207, -0.112, -7, 0.205, -0.027, 12, 0.204, -0.15, 15,  , , ,  , , ,  , , ,  , , , 0.255296296296, 100.0, 0.0776944444444, 100.0, 0.172916666667, 100.0, 
10, 77, 14.7139467683, 5, 0.22, 0.118, -73, 0.203, 0.118, 23, 0.245, 0.103, 18, 0.207, -0.112, -7, 0.205, -0.027, 12,  , , ,  , , ,  , , ,  , , ,  , , , 0.208666666667, 100.0, 0.076287037037, 100.0, 0.262805555556, 100.0, 
10, 128, 14.7341677312, 5, 0.22, 0.118, -73, 0.203, 0.118, 23, 0.245, 0.103, 18, 0.207, -0.112, -7, 0.205, -0.027, 12,  , , ,  , , ,  , , ,  , , ,  , , , 0.21737962963, 100.0, 0.0789074074074, 100.0, 0.260203703704, 100.0, 
10, 105, 11.4890403988, 3, 0.106, 0.132, 51, 0.07, 0.127, 77, 0.046, 0.142, -68,  , , ,  , , ,  , , ,  , , ,  , , ,  , , ,  , , , 0.172407407407, 100.0, -3.0, 21.3764804654, 0.241481481481, 100.0, 
10, 121, 14.312927614, 6, 0.144, -0.133, -63, 0.203, 0.118, 23, 0.245, 0.103, 18, 0.207, -0.112, -7, 0.205, -0.027, 12, 0.204, -0.15, 15,  , , ,  , , ,  , , ,  , , , 0.255296296296, 100.0, 0.0776944444444, 100.0, 0.172916666667, 100.0, 
10, 77, 14.7139467683, 5, 0.22, 0.118, -73, 0.203, 0.118, 23, 0.245, 0.103, 18, 0.207, -0.112, -7, 0.205, -0.027, 12,  , , ,  , , ,  , , ,  , , ,  , , , 0.208666666667, 100.0, 0.076287037037, 100.0, 0.262805555556, 100.0, 
10, 77, 14.7139467683, 5, 0.22, 0.118, -73, 0.203, 0.118, 23, 0.245, 0.103, 18, 0.207, -0.112, -7, 0.205, -0.027, 12,  , , ,  , , ,  , , ,  , , ,  , , , 0.208666666667, 100.0, 0.076287037037, 100.0, 0.262805555556, 100.0, 
10, 77, 14.7139467683, 5, 0.22, 0.118, -73, 0.203, 0.118, 23, 0.245, 0.103, 18, 0.207, -0.112, -7, 0.205, -0.027, 12,  , , ,  , , ,  , , ,  , , ,  , , , 0.208666666667, 100.0, 0.076287037037, 100.0, 0.262805555556, 100.0, 
10, 77, 14.7139467683, 5, 0.22, 0.118, -73, 0.203, 0.118, 23, 0.245, 0.103, 18, 0.207, -0.112, -7, 0.205, -0.027, 12,  , , ,  , , ,  , , ,  , , ,  , , , 0.208666666667, 100.0, 0.076287037037, 100.0, 0.262805555556, 100.0, 
10, 117, 11.4684383487, 4, 0.08, -0.133, -63, 0.203, 0.118, 23, 0.245, 0.103, 18, 0.046, 0.142, -68,  , , ,  , , ,  , , ,  , , ,  , , ,  , , , 0.226175925926, 100.0, -3.0, 22.8012107186, 0.287212962963, 100.0, 
10, 115, 10.8304199574, 5, 0.22, 0.118, -73, 0.203, 0.118, 23, 0.245, 0.103, 18, 0.207, -0.112, -7, 0.205, -0.027, 12,  , , ,  , , ,  , , ,  , , ,  , , , 0.0955833333333, 100.0, -3.0, 23.4820307111, 0.267018518519, 100.0, 
10, 63, 11.3054732511, 5, 0.08, -0.133, -63, 0.203, 0.118, 23, 0.245, 0.103, 18, 0.207, -0.112, -7, 0.205, -0.027, 12,  , , ,  , , ,  , , ,  , , ,  , , , 0.25437037037, 100.0, -3.0, 23.6333230725, 0.305185185185, 100.0, 
11, 139, 12.3699239551, 5, 0.152, -0.133, -63, 0.203, 0.118, 23, 0.245, 0.103, 18, 0.207, -0.112, -7, 0.205, -0.027, 12,  , , ,  , , ,  , , ,  , , ,  , , , 0.250731481481, 100.0, -3.0, 62.3405476055, 0.292342592593, 100.0, 
11, 105, 11.4890403988, 3, 0.106, 0.132, 51, 0.07, 0.127, 77, 0.046, 0.142, -68,  , , ,  , , ,  , , ,  , , ,  , , ,  , , ,  , , , 0.172407407407, 100.0, -3.0, 21.3764804654, 0.241481481481, 100.0, 
11, 137, 10.7933127459, 5, 0.22, 0.118, -73, 0.203, 0.118, 23, 0.245, 0.103, 18, 0.207, -0.112, -7, 0.205, -0.027, 12,  , , ,  , , ,  , , ,  , , ,  , , , 0.0800648148148, 100.0, -3.0, 23.69841961, 0.263583333333, 100.0, 
11, 130, 14.8325252858, 5, 0.22, 0.118, -73, 0.203, 0.118, 23, 0.245, 0.103, 18, 0.207, -0.112, -7, 0.205, -0.027, 12,  , , ,  , , ,  , , ,  , , ,  , , , 0.23112037037, 100.0, 0.0942037037037, 100.0, 0.27262962963, 100.0, 
11, 77, 14.7139467683, 5, 0.22, 0.118, -73, 0.203, 0.118, 23, 0.245, 0.103, 18, 0.207, -0.112, -7, 0.205, -0.027, 12,  , , ,  , , ,  , , ,  , , ,  , , , 0.208666666667, 100.0, 0.076287037037, 100.0, 0.262805555556, 100.0, 
11, 77, 14.7139467683, 5, 0.22, 0.118, -73, 0.203, 0.118, 23, 0.245, 0.103, 18, 0.207, -0.112, -7, 0.205, -0.027, 12,  , , ,  , , ,  , , ,  , , ,  , , , 0.208666666667, 100.0, 0.076287037037, 100.0, 0.262805555556, 100.0, 
11, 115, 10.8304199574, 5, 0.22, 0.118, -73, 0.203, 0.118, 23, 0.245, 0.103, 18, 0.207, -0.112, -7, 0.205, -0.027, 12,  , , ,  , , ,  , , ,  , , ,  , , , 0.0955833333333, 100.0, -3.0, 23.4820307111, 0.267018518519, 100.0, 
11, 139, 12.3699239551, 5, 0.152, -0.133, -63, 0.203, 0.118, 23, 0.245, 0.103, 18, 0.207, -0.112, -7, 0.205, -0.027, 12,  , , ,  , , ,  , , ,  , , ,  , , , 0.250731481481, 100.0, -3.0, 62.3405476055, 0.292342592593, 100.0, 
11, 128, 14.7341677312, 5, 0.22, 0.118, -73, 0.203, 0.118, 23, 0.245, 0.103, 18, 0.207, -0.112, -7, 0.205, -0.027, 12,  , , ,  , , ,  , , ,  , , ,  , , , 0.21737962963, 100.0, 0.0789074074074, 100.0, 0.260203703704, 100.0, 
11, 130, 14.8325252858, 5, 0.22, 0.118, -73, 0.203, 0.118, 23, 0.245, 0.103, 18, 0.207, -0.112, -7, 0.205, -0.027, 12,  , , ,  , , ,  , , ,  , , ,  , , , 0.23112037037, 100.0, 0.0942037037037, 100.0, 0.27262962963, 100.0, 
11, 77, 14.7139467683, 5, 0.22, 0.118, -73, 0.203, 0.118, 23, 0.245, 0.103, 18, 0.207, -0.112, -7, 0.205, -0.027, 12,  , , ,  , , ,  , , ,  , , ,  , , , 0.208666666667, 100.0, 0.076287037037, 100.0, 0.262805555556, 100.0, 
11, 130, 14.8325252858, 5, 0.22, 0.118, -73, 0.203, 0.118, 23, 0.245, 0.103, 18, 0.207, -0.112, -7, 0.205, -0.027, 12,  , , ,  , , ,  , , ,  , , ,  , , , 0.23112037037, 100.0, 0.0942037037037, 100.0, 0.27262962963, 100.0, 
11, 117, 11.4684383487, 4, 0.08, -0.133, -63, 0.203, 0.118, 23, 0.245, 0.103, 18, 0.046, 0.142, -68,  , , ,  , , ,  , , ,  , , ,  , , ,  , , , 0.226175925926, 100.0, -3.0, 22.8012107186, 0.287212962963, 100.0, 
11, 77, 14.7139467683, 5, 0.22, 0.118, -73, 0.203, 0.118, 23, 0.245, 0.103, 18, 0.207, -0.112, -7, 0.205, -0.027, 12,  , , ,  , , ,  , , ,  , , ,  , , , 0.208666666667, 100.0, 0.076287037037, 100.0, 0.262805555556, 100.0, 
11, 128, 14.7341677312, 5, 0.22, 0.118, -73, 0.203, 0.118, 23, 0.245, 0.103, 18, 0.207, -0.112, -7, 0.205, -0.027, 12,  , , ,  , , ,  , , ,  , , ,  , , , 0.21737962963, 100.0, 0.0789074074074, 100.0, 0.260203703704, 100.0, 
11, 130, 14.8325252858, 5, 0.22, 0.118, -73, 0.203, 0.118, 23, 0.245, 0.103, 18, 0.207, -0.112, -7, 0.205, -0.027, 12,  , , ,  , , ,  , , ,  , , ,  , , , 0.23112037037, 100.0, 0.0942037037037, 100.0, 0.27262962963, 100.0, 
11, 77, 14.7139467683, 5, 0.22, 0.118, -73, 0.203, 0.118, 23, 0.245, 0.103, 18, 0.207, -0.112, -7, 0.205, -0.027, 12,  , , ,  , , ,  , , ,  , , ,  , , , 0.208666666667, 100.0, 0.076287037037, 100.0, 0.262805555556, 100.0, 
11, 129, 14.6604836469, 5, 0.22, 0.118, -73, 0.203, 0.118, 23, 0.245, 0.103, 18, 0.207, -0.112, -7, 0.205, -0.027, 12,  , , ,  , , ,  , , ,  , , ,  , , , 0.207583333333, 100.0, 0.0692685185185, 100.0, 0.248555555556, 100.0, 
11, 77, 14.7139467683, 5, 0.22, 0.118, -73, 0.203, 0.118, 23, 0.245, 0.103, 18, 0.207, -0.112, -7, 0.205, -0.027, 12,  , , ,  , , ,  , , ,  , , ,  , , , 0.208666666667, 100.0, 0.076287037037, 100.0, 0.262805555556, 100.0, 
11, 120, 14.6634043969, 5, 0.22, -0.133, 43, 0.203, 0.118, 23, 0.245, 0.103, 18, 0.207, -0.112, -7, 0.205, -0.027, 12,  , , ,  , , ,  , , ,  , , ,  , , , 0.223833333333, 100.0, 0.0421944444444, 100.0, 0.256768518519, 100.0, 
11, 77, 14.7139467683, 5, 0.22, 0.118, -73, 0.203, 0.118, 23, 0.245, 0.103, 18, 0.207, -0.112, -7, 0.205, -0.027, 12,  , , ,  , , ,  , , ,  , , ,  , , , 0.208666666667, 100.0, 0.076287037037, 100.0, 0.262805555556, 100.0, 
11, 77, 14.7139467683, 5, 0.22, 0.118, -73, 0.203, 0.118, 23, 0.245, 0.103, 18, 0.207, -0.112, -7, 0.205, -0.027, 12,  , , ,  , , ,  , , ,  , , ,  , , , 0.208666666667, 100.0, 0.076287037037, 100.0, 0.262805555556, 100.0, 
11, 77, 14.7139467683, 5, 0.22, 0.118, -73, 0.203, 0.118, 23, 0.245, 0.103, 18, 0.207, -0.112, -7, 0.205, -0.027, 12,  , , ,  , , ,  , , ,  , , ,  , , , 0.208666666667, 100.0, 0.076287037037, 100.0, 0.262805555556, 100.0, 
11, 139, 12.3699239551, 5, 0.152, -0.133, -63, 0.203, 0.118, 23, 0.245, 0.103, 18, 0.207, -0.112, -7, 0.205, -0.027, 12,  , , ,  , , ,  , , ,  , , ,  , , , 0.250731481481, 100.0, -3.0, 62.3405476055, 0.292342592593, 100.0, 
11, 130, 14.8325252858, 5, 0.22, 0.118, -73, 0.203, 0.118, 23, 0.245, 0.103, 18, 0.207, -0.112, -7, 0.205, -0.027, 12,  , , ,  , , ,  , , ,  , , ,  , , , 0.23112037037, 100.0, 0.0942037037037, 100.0, 0.27262962963, 100.0, 
11, 134, 11.624488291, 4, 0.22, 0.118, -73, 0.203, 0.118, 23, 0.207, -0.112, -7, 0.205, -0.027, 12,  , , ,  , , ,  , , ,  , , ,  , , ,  , , , 0.297175925926, 100.0, -1.0, 22.1358319539, 0.284564814815, 100.0, 
11, 77, 14.7139467683, 5, 0.22, 0.118, -73, 0.203, 0.118, 23, 0.245, 0.103, 18, 0.207, -0.112, -7, 0.205, -0.027, 12,  , , ,  , , ,  , , ,  , , ,  , , , 0.208666666667, 100.0, 0.076287037037, 100.0, 0.262805555556, 100.0, 
11, 77, 14.7139467683, 5, 0.22, 0.118, -73, 0.203, 0.118, 23, 0.245, 0.103, 18, 0.207, -0.112, -7, 0.205, -0.027, 12,  , , ,  , , ,  , , ,  , , ,  , , , 0.208666666667, 100.0, 0.076287037037, 100.0, 0.262805555556, 100.0, 
11, 137, 10.7933127459, 5, 0.22, 0.118, -73, 0.203, 0.118, 23, 0.245, 0.103, 18, 0.207, -0.112, -7, 0.205, -0.027, 12,  , , ,  , , ,  , , ,  , , ,  , , , 0.0800648148148, 100.0, -3.0, 23.69841961, 0.263583333333, 100.0, 
11, 130, 14.8325252858, 5, 0.22, 0.118, -73, 0.203, 0.118, 23, 0.245, 0.103, 18, 0.207, -0.112, -7, 0.205, -0.027, 12,  , , ,  , , ,  , , ,  , , ,  , , , 0.23112037037, 100.0, 0.0942037037037, 100.0, 0.27262962963, 100.0, 
12, 144, 15.4077159301, 4, 0.08, 0.118, -76, 0.203, 0.118, 23, 0.245, 0.103, 18, 0.046, 0.142, -68,  , , ,  , , ,  , , ,  , , ,  , , ,  , , , 0.233851851852, 100.0, 0.208444444444, 100.0, 0.27475, 100.0, 
12, 152, 14.8161690131, 5, 0.22, 0.118, -73, 0.203, 0.118, 23, 0.245, 0.103, 18, 0.207, -0.112, -7, 0.205, -0.027, 12,  , , ,  , , ,  , , ,  , , ,  , , , 0.225009259259, 100.0, 0.0874814814815, 100.0, 0.277851851852, 100.0, 
12, 149, 14.8583579045, 5, 0.22, 0.118, -73, 0.203, 0.118, 23, 0.245, 0.103, 18, 0.207, -0.112, -7, 0.205, -0.027, 12,  , , ,  , , ,  , , ,  , , ,  , , , 0.239018518519, 100.0, 0.09175, 100.0, 0.277212962963, 100.0, 
12, 130, 14.8325252858, 5, 0.22, 0.118, -73, 0.203, 0.118, 23, 0.245, 0.103, 18, 0.207, -0.112, -7, 0.205, -0.027, 12,  , , ,  , , ,  , , ,  , , ,  , , , 0.23112037037, 100.0, 0.0942037037037, 100.0, 0.27262962963, 100.0, 
12, 130, 14.8325252858, 5, 0.22, 0.118, -73, 0.203, 0.118, 23, 0.245, 0.103, 18, 0.207, -0.112, -7, 0.205, -0.027, 12,  , , ,  , , ,  , , ,  , , ,  , , , 0.23112037037, 100.0, 0.0942037037037, 100.0, 0.27262962963, 100.0, 
12, 128, 14.7341677312, 5, 0.22, 0.118, -73, 0.203, 0.118, 23, 0.245, 0.103, 18, 0.207, -0.112, -7, 0.205, -0.027, 12,  , , ,  , , ,  , , ,  , , ,  , , , 0.21737962963, 100.0, 0.0789074074074, 100.0, 0.260203703704, 100.0, 
12, 152, 14.8161690131, 5, 0.22, 0.118, -73, 0.203, 0.118, 23, 0.245, 0.103, 18, 0.207, -0.112, -7, 0.205, -0.027, 12,  , , ,  , , ,  , , ,  , , ,  , , , 0.225009259259, 100.0, 0.0874814814815, 100.0, 0.277851851852, 100.0, 
12, 139, 12.3699239551, 5, 0.152, -0.133, -63, 0.203, 0.118, 23, 0.245, 0.103, 18, 0.207, -0.112, -7, 0.205, -0.027, 12,  , , ,  , , ,  , , ,  , , ,  , , , 0.250731481481, 100.0, -3.0, 62.3405476055, 0.292342592593, 100.0, 
12, 77, 14.7139467683, 5, 0.22, 0.118, -73, 0.203, 0.118, 23, 0.245, 0.103, 18, 0.207, -0.112, -7, 0.205, -0.027, 12,  , , ,  , , ,  , , ,  , , ,  , , , 0.208666666667, 100.0, 0.076287037037, 100.0, 0.262805555556, 100.0, 
12, 77, 14.7139467683, 5, 0.22, 0.118, -73, 0.203, 0.118, 23, 0.245, 0.103, 18, 0.207, -0.112, -7, 0.205, -0.027, 12,  , , ,  , , ,  , , ,  , , ,  , , , 0.208666666667, 100.0, 0.076287037037, 100.0, 0.262805555556, 100.0, 
12, 128, 14.7341677312, 5, 0.22, 0.118, -73, 0.203, 0.118, 23, 0.245, 0.103, 18, 0.207, -0.112, -7, 0.205, -0.027, 12,  , , ,  , , ,  , , ,  , , ,  , , , 0.21737962963, 100.0, 0.0789074074074, 100.0, 0.260203703704, 100.0, 
12, 149, 14.8583579045, 5, 0.22, 0.118, -73, 0.203, 0.118, 23, 0.245, 0.103, 18, 0.207, -0.112, -7, 0.205, -0.027, 12,  , , ,  , , ,  , , ,  , , ,  , , , 0.239018518519, 100.0, 0.09175, 100.0, 0.277212962963, 100.0, 
12, 128, 14.7341677312, 5, 0.22, 0.118, -73, 0.203, 0.118, 23, 0.245, 0.103, 18, 0.207, -0.112, -7, 0.205, -0.027, 12,  , , ,  , , ,  , , ,  , , ,  , , , 0.21737962963, 100.0, 0.0789074074074, 100.0, 0.260203703704, 100.0, 
12, 154, 14.772620772, 5, 0.22, 0.118, -73, 0.203, 0.118, 23, 0.245, 0.103, 18, 0.207, -0.112, -7, 0.205, -0.027, 12,  , , ,  , , ,  , , ,  , , ,  , , , 0.223777777778, 100.0, 0.093462962963, 100.0, 0.256712962963, 100.0, 
12, 130, 14.8325252858, 5, 0.22, 0.118, -73, 0.203, 0.118, 23, 0.245, 0.103, 18, 0.207, -0.112, -7, 0.205, -0.027, 12,  , , ,  , , ,  , , ,  , , ,  , , , 0.23112037037, 100.0, 0.0942037037037, 100.0, 0.27262962963, 100.0, 
12, 77, 14.7139467683, 5, 0.22, 0.118, -73, 0.203, 0.118, 23, 0.245, 0.103, 18, 0.207, -0.112, -7, 0.205, -0.027, 12,  , , ,  , , ,  , , ,  , , ,  , , , 0.208666666667, 100.0, 0.076287037037, 100.0, 0.262805555556, 100.0, 
12, 77, 14.7139467683, 5, 0.22, 0.118, -73, 0.203, 0.118, 23, 0.245, 0.103, 18, 0.207, -0.112, -7, 0.205, -0.027, 12,  , , ,  , , ,  , , ,  , , ,  , , , 0.208666666667, 100.0, 0.076287037037, 100.0, 0.262805555556, 100.0, 
12, 128, 14.7341677312, 5, 0.22, 0.118, -73, 0.203, 0.118, 23, 0.245, 0.103, 18, 0.207, -0.112, -7, 0.205, -0.027, 12,  , , ,  , , ,  , , ,  , , ,  , , , 0.21737962963, 100.0, 0.0789074074074, 100.0, 0.260203703704, 100.0, 
12, 130, 14.8325252858, 5, 0.22, 0.118, -73, 0.203, 0.118, 23, 0.245, 0.103, 18, 0.207, -0.112, -7, 0.205, -0.027, 12,  , , ,  , , ,  , , ,  , , ,  , , , 0.23112037037, 100.0, 0.0942037037037, 100.0, 0.27262962963, 100.0, 
12, 130, 14.8325252858, 5, 0.22, 0.118, -73, 0.203, 0.118, 23, 0.245, 0.103, 18, 0.207, -0.112, -7, 0.205, -0.027, 12,  , , ,  , , ,  , , ,  , , ,  , , , 0.23112037037, 100.0, 0.0942037037037, 100.0, 0.27262962963, 100.0, 
12, 77, 14.7139467683, 5, 0.22, 0.118, -73, 0.203, 0.118, 23, 0.245, 0.103, 18, 0.207, -0.112, -7, 0.205, -0.027, 12,  , , ,  , , ,  , , ,  , , ,  , , , 0.208666666667, 100.0, 0.076287037037, 100.0, 0.262805555556, 100.0, 
12, 128, 14.7341677312, 5, 0.22, 0.118, -73, 0.203, 0.118, 23, 0.245, 0.103, 18, 0.207, -0.112, -7, 0.205, -0.027, 12,  , , ,  , , ,  , , ,  , , ,  , , , 0.21737962963, 100.0, 0.0789074074074, 100.0, 0.260203703704, 100.0, 
12, 128, 14.7341677312, 5, 0.22, 0.118, -73, 0.203, 0.118, 23, 0.245, 0.103, 18, 0.207, -0.112, -7, 0.205, -0.027, 12,  , , ,  , , ,  , , ,  , , ,  , , , 0.21737962963, 100.0, 0.0789074074074, 100.0, 0.260203703704, 100.0, 
12, 128, 14.7341677312, 5, 0.22, 0.118, -73, 0.203, 0.118, 23, 0.245, 0.103, 18, 0.207, -0.112, -7, 0.205, -0.027, 12,  , , ,  , , ,  , , ,  , , ,  , , , 0.21737962963, 100.0, 0.0789074074074, 100.0, 0.260203703704, 100.0, 
12, 155, 12.2324348006, 5, 0.22, 0.118, -73, 0.203, 0.118, 23, 0.245, 0.103, 18, 0.207, -0.112, -7, 0.205, -0.027, 12,  , , ,  , , ,  , , ,  , , ,  , , , 0.216981481481, 100.0, -3.0, 62.578217002, 0.268157407407, 100.0, 
12, 77, 14.7139467683, 5, 0.22, 0.118, -73, 0.203, 0.118, 23, 0.245, 0.103, 18, 0.207, -0.112, -7, 0.205, -0.027, 12,  , , ,  , , ,  , , ,  , , ,  , , , 0.208666666667, 100.0, 0.076287037037, 100.0, 0.262805555556, 100.0, 
12, 130, 14.8325252858, 5, 0.22, 0.118, -73, 0.203, 0.118, 23, 0.245, 0.103, 18, 0.207, -0.112, -7, 0.205, -0.027, 12,  , , ,  , , ,  , , ,  , , ,  , , , 0.23112037037, 100.0, 0.0942037037037, 100.0, 0.27262962963, 100.0, 
12, 77, 14.7139467683, 5, 0.22, 0.118, -73, 0.203, 0.118, 23, 0.245, 0.103, 18, 0.207, -0.112, -7, 0.205, -0.027, 12,  , , ,  , , ,  , , ,  , , ,  , , , 0.208666666667, 100.0, 0.076287037037, 100.0, 0.262805555556, 100.0, 
12, 77, 14.7139467683, 5, 0.22, 0.118, -73, 0.203, 0.118, 23, 0.245, 0.103, 18, 0.207, -0.112, -7, 0.205, -0.027, 12,  , , ,  , , ,  , , ,  , , ,  , , , 0.208666666667, 100.0, 0.076287037037, 100.0, 0.262805555556, 100.0, 
12, 77, 14.7139467683, 5, 0.22, 0.118, -73, 0.203, 0.118, 23, 0.245, 0.103, 18, 0.207, -0.112, -7, 0.205, -0.027, 12,  , , ,  , , ,  , , ,  , , ,  , , , 0.208666666667, 100.0, 0.076287037037, 100.0, 0.262805555556, 100.0, 
13, 167, 11.2612590314, 5, 0.22, 0.118, -73, 0.203, 0.118, 23, 0.245, 0.103, 18, 0.207, -0.112, -7, 0.205, -0.027, 12,  , , ,  , , ,  , , ,  , , ,  , , , 0.237601851852, 100.0, -3.0, 23.2439142118, 0.307935185185, 100.0, 
13, 128, 14.7341677312, 5, 0.22, 0.118, -73, 0.203, 0.118, 23, 0.245, 0.103, 18, 0.207, -0.112, -7, 0.205, -0.027, 12,  , , ,  , , ,  , , ,  , , ,  , , , 0.21737962963, 100.0, 0.0789074074074, 100.0, 0.260203703704, 100.0, 
13, 149, 14.8583579045, 5, 0.22, 0.118, -73, 0.203, 0.118, 23, 0.245, 0.103, 18, 0.207, -0.112, -7, 0.205, -0.027, 12,  , , ,  , , ,  , , ,  , , ,  , , , 0.239018518519, 100.0, 0.09175, 100.0, 0.277212962963, 100.0, 
13, 128, 14.7341677312, 5, 0.22, 0.118, -73, 0.203, 0.118, 23, 0.245, 0.103, 18, 0.207, -0.112, -7, 0.205, -0.027, 12,  , , ,  , , ,  , , ,  , , ,  , , , 0.21737962963, 100.0, 0.0789074074074, 100.0, 0.260203703704, 100.0, 
13, 161, 11.2273667344, 5, 0.22, 0.118, -73, 0.203, 0.118, 23, 0.245, -0.147, 30, 0.207, -0.112, -7, 0.205, -0.027, 12,  , , ,  , , ,  , , ,  , , ,  , , , 0.24562962963, 100.0, -3.0, 23.5525419481, 0.284231481481, 100.0, 
13, 77, 14.7139467683, 5, 0.22, 0.118, -73, 0.203, 0.118, 23, 0.245, 0.103, 18, 0.207, -0.112, -7, 0.205, -0.027, 12,  , , ,  , , ,  , , ,  , , ,  , , , 0.208666666667, 100.0, 0.076287037037, 100.0, 0.262805555556, 100.0, 
13, 166, 7.721609066, 5, 0.22, 0.118, -73, 0.203, 0.118, 23, 0.245, 0.103, 18, 0.207, -0.112, -7, 0.205, -0.027, 12,  , , ,  , , ,  , , ,  , , ,  , , , -1.0, 43.0403071562, -1.0, 23.194369944, 0.287583333333, 100.0, 
13, 149, 14.8583579045, 5, 0.22, 0.118, -73, 0.203, 0.118, 23, 0.245, 0.103, 18, 0.207, -0.112, -7, 0.205, -0.027, 12,  , , ,  , , ,  , , ,  , , ,  , , , 0.239018518519, 100.0, 0.09175, 100.0, 0.277212962963, 100.0, 
13, 128, 14.7341677312, 5, 0.22, 0.118, -73, 0.203, 0.118, 23, 0.245, 0.103, 18, 0.207, -0.112, -7, 0.205, -0.027, 12,  , , ,  , , ,  , , ,  , , ,  , , , 0.21737962963, 100.0, 0.0789074074074, 100.0, 0.260203703704, 100.0, 
13, 144, 15.4077159301, 4, 0.08, 0.118, -76, 0.203, 0.118, 23, 0.245, 0.103, 18, 0.046, 0.142, -68,  , , ,  , , ,  , , ,  , , ,  , , ,  , , , 0.233851851852, 100.0, 0.208444444444, 100.0, 0.27475, 100.0, 
13, 144, 15.4077159301, 4, 0.08, 0.118, -76, 0.203, 0.118, 23, 0.245, 0.103, 18, 0.046, 0.142, -68,  , , ,  , , ,  , , ,  , , ,  , , ,  , , , 0.233851851852, 100.0, 0.208444444444, 100.0, 0.27475, 100.0, 
13, 77, 14.7139467683, 5, 0.22, 0.118, -73, 0.203, 0.118, 23, 0.245, 0.103, 18, 0.207, -0.112, -7, 0.205, -0.027, 12,  , , ,  , , ,  , , ,  , , ,  , , , 0.208666666667, 100.0, 0.076287037037, 100.0, 0.262805555556, 100.0, 
13, 128, 14.7341677312, 5, 0.22, 0.118, -73, 0.203, 0.118, 23, 0.245, 0.103, 18, 0.207, -0.112, -7, 0.205, -0.027, 12,  , , ,  , , ,  , , ,  , , ,  , , , 0.21737962963, 100.0, 0.0789074074074, 100.0, 0.260203703704, 100.0, 
13, 128, 14.7341677312, 5, 0.22, 0.118, -73, 0.203, 0.118, 23, 0.245, 0.103, 18, 0.207, -0.112, -7, 0.205, -0.027, 12,  , , ,  , , ,  , , ,  , , ,  , , , 0.21737962963, 100.0, 0.0789074074074, 100.0, 0.260203703704, 100.0, 
13, 149, 14.8583579045, 5, 0.22, 0.118, -73, 0.203, 0.118, 23, 0.245, 0.103, 18, 0.207, -0.112, -7, 0.205, -0.027, 12,  , , ,  , , ,  , , ,  , , ,  , , , 0.239018518519, 100.0, 0.09175, 100.0, 0.277212962963, 100.0, 
13, 130, 14.8325252858, 5, 0.22, 0.118, -73, 0.203, 0.118, 23, 0.245, 0.103, 18, 0.207, -0.112, -7, 0.205, -0.027, 12,  , , ,  , , ,  , , ,  , , ,  , , , 0.23112037037, 100.0, 0.0942037037037, 100.0, 0.27262962963, 100.0, 
13, 77, 14.7139467683, 5, 0.22, 0.118, -73, 0.203, 0.118, 23, 0.245, 0.103, 18, 0.207, -0.112, -7, 0.205, -0.027, 12,  , , ,  , , ,  , , ,  , , ,  , , , 0.208666666667, 100.0, 0.076287037037, 100.0, 0.262805555556, 100.0, 
13, 128, 14.7341677312, 5, 0.22, 0.118, -73, 0.203, 0.118, 23, 0.245, 0.103, 18, 0.207, -0.112, -7, 0.205, -0.027, 12,  , , ,  , , ,  , , ,  , , ,  , , , 0.21737962963, 100.0, 0.0789074074074, 100.0, 0.260203703704, 100.0, 
13, 159, 8.34989719509, 5, 0.22, 0.118, -73, 0.203, 0.118, -84, 0.245, 0.103, 18, 0.207, -0.112, -7, 0.205, -0.027, 12,  , , ,  , , ,  , , ,  , , ,  , , , -1.0, 23.1800241456, -1.0, 63.0964698752, 0.293259259259, 100.0, 
13, 77, 14.7139467683, 5, 0.22, 0.118, -73, 0.203, 0.118, 23, 0.245, 0.103, 18, 0.207, -0.112, -7, 0.205, -0.027, 12,  , , ,  , , ,  , , ,  , , ,  , , , 0.208666666667, 100.0, 0.076287037037, 100.0, 0.262805555556, 100.0, 
13, 77, 14.7139467683, 5, 0.22, 0.118, -73, 0.203, 0.118, 23, 0.245, 0.103, 18, 0.207, -0.112, -7, 0.205, -0.027, 12,  , , ,  , , ,  , , ,  , , ,  , , , 0.208666666667, 100.0, 0.076287037037, 100.0, 0.262805555556, 100.0, 
13, 128, 14.7341677312, 5, 0.22, 0.118, -73, 0.203, 0.118, 23, 0.245, 0.103, 18, 0.207, -0.112, -7, 0.205, -0.027, 12,  , , ,  , , ,  , , ,  , , ,  , , , 0.21737962963, 100.0, 0.0789074074074, 100.0, 0.260203703704, 100.0, 
13, 130, 14.8325252858, 5, 0.22, 0.118, -73, 0.203, 0.118, 23, 0.245, 0.103, 18, 0.207, -0.112, -7, 0.205, -0.027, 12,  , , ,  , , ,  , , ,  , , ,  , , , 0.23112037037, 100.0, 0.0942037037037, 100.0, 0.27262962963, 100.0, 
13, 165, 7.17132008978, 5, 0.22, 0.118, -27, 0.203, 0.118, 23, 0.245, 0.103, 18, 0.207, -0.112, -7, 0.205, -0.027, 12,  , , ,  , , ,  , , ,  , , ,  , , , -1.0, 23.2492002379, -1.0, 22.5914588039, 0.284296296296, 100.0, 
13, 149, 14.8583579045, 5, 0.22, 0.118, -73, 0.203, 0.118, 23, 0.245, 0.103, 18, 0.207, -0.112, -7, 0.205, -0.027, 12,  , , ,  , , ,  , , ,  , , ,  , , , 0.239018518519, 100.0, 0.09175, 100.0, 0.277212962963, 100.0, 
13, 130, 14.8325252858, 5, 0.22, 0.118, -73, 0.203, 0.118, 23, 0.245, 0.103, 18, 0.207, -0.112, -7, 0.205, -0.027, 12,  , , ,  , , ,  , , ,  , , ,  , , , 0.23112037037, 100.0, 0.0942037037037, 100.0, 0.27262962963, 100.0, 
13, 77, 14.7139467683, 5, 0.22, 0.118, -73, 0.203, 0.118, 23, 0.245, 0.103, 18, 0.207, -0.112, -7, 0.205, -0.027, 12,  , , ,  , , ,  , , ,  , , ,  , , , 0.208666666667, 100.0, 0.076287037037, 100.0, 0.262805555556, 100.0, 
13, 152, 14.8161690131, 5, 0.22, 0.118, -73, 0.203, 0.118, 23, 0.245, 0.103, 18, 0.207, -0.112, -7, 0.205, -0.027, 12,  , , ,  , , ,  , , ,  , , ,  , , , 0.225009259259, 100.0, 0.0874814814815, 100.0, 0.277851851852, 100.0, 
13, 77, 14.7139467683, 5, 0.22, 0.118, -73, 0.203, 0.118, 23, 0.245, 0.103, 18, 0.207, -0.112, -7, 0.205, -0.027, 12,  , , ,  , , ,  , , ,  , , ,  , , , 0.208666666667, 100.0, 0.076287037037, 100.0, 0.262805555556, 100.0, 
13, 77, 14.7139467683, 5, 0.22, 0.118, -73, 0.203, 0.118, 23, 0.245, 0.103, 18, 0.207, -0.112, -7, 0.205, -0.027, 12,  , , ,  , , ,  , , ,  , , ,  , , , 0.208666666667, 100.0, 0.076287037037, 100.0, 0.262805555556, 100.0, 
14, 179, 14.7690143524, 5, 0.22, 0.118, -73, 0.203, 0.118, 23, 0.245, 0.103, 18, 0.207, -0.112, -7, 0.205, -0.027, 12,  , , ,  , , ,  , , ,  , , ,  , , , 0.233574074074, 100.0, 0.0650092592593, 100.0, 0.270064814815, 100.0, 
14, 77, 14.7139467683, 5, 0.22, 0.118, -73, 0.203, 0.118, 23, 0.245, 0.103, 18, 0.207, -0.112, -7, 0.205, -0.027, 12,  , , ,  , , ,  , , ,  , , ,  , , , 0.208666666667, 100.0, 0.076287037037, 100.0, 0.262805555556, 100.0, 
14, 174, 4.17199974649, 5, 0.22, 0.118, -73, 0.203, 0.118, 23, 0.245, 0.103, 18, 0.207, -0.112, -7, 0.205, -0.027, 12,  , , ,  , , ,  , , ,  , , ,  , , , -1.0, 22.3401649999, -1.0, 23.1628617614, -1.0, 63.0453647774, 
14, 128, 14.7341677312, 5, 0.22, 0.118, -73, 0.203, 0.118, 23, 0.245, 0.103, 18, 0.207, -0.112, -7, 0.205, -0.027, 12,  , , ,  , , ,  , , ,  , , ,  , , , 0.21737962963, 100.0, 0.0789074074074, 100.0, 0.260203703704, 100.0, 
14, 77, 14.7139467683, 5, 0.22, 0.118, -73, 0.203, 0.118, 23, 0.245, 0.103, 18, 0.207, -0.112, -7, 0.205, -0.027, 12,  , , ,  , , ,  , , ,  , , ,  , , , 0.208666666667, 100.0, 0.076287037037, 100.0, 0.262805555556, 100.0, 
14, 179, 14.7690143524, 5, 0.22, 0.118, -73, 0.203, 0.118, 23, 0.245, 0.103, 18, 0.207, -0.112, -7, 0.205, -0.027, 12,  , , ,  , , ,  , , ,  , , ,  , , , 0.233574074074, 100.0, 0.0650092592593, 100.0, 0.270064814815, 100.0, 
14, 77, 14.7139467683, 5, 0.22, 0.118, -73, 0.203, 0.118, 23, 0.245, 0.103, 18, 0.207, -0.112, -7, 0.205, -0.027, 12,  , , ,  , , ,  , , ,  , , ,  , , , 0.208666666667, 100.0, 0.076287037037, 100.0, 0.262805555556, 100.0, 
14, 128, 14.7341677312, 5, 0.22, 0.118, -73, 0.203, 0.118, 23, 0.245, 0.103, 18, 0.207, -0.112, -7, 0.205, -0.027, 12,  , , ,  , , ,  , , ,  , , ,  , , , 0.21737962963, 100.0, 0.0789074074074, 100.0, 0.260203703704, 100.0, 
14, 176, 7.84822899325, 5, 0.22, 0.118, -73, 0.203, 0.118, 23, 0.245, 0.103, 18, 0.207, -0.112, -7, 0.205, -0.027, 12,  , , ,  , , ,  , , ,  , , ,  , , , -1.0, 22.3464016841, 0.0927037037037, 100.0, -1.0, 63.0142143696, 
14, 128, 14.7341677312, 5, 0.22, 0.118, -73, 0.203, 0.118, 23, 0.245, 0.103, 18, 0.207, -0.112, -7, 0.205, -0.027, 12,  , , ,  , , ,  , , ,  , , ,  , , , 0.21737962963, 100.0, 0.0789074074074, 100.0, 0.260203703704, 100.0, 
14, 149, 14.8583579045, 5, 0.22, 0.118, -73, 0.203, 0.118, 23, 0.245, 0.103, 18, 0.207, -0.112, -7, 0.205, -0.027, 12,  , , ,  , , ,  , , ,  , , ,  , , , 0.239018518519, 100.0, 0.09175, 100.0, 0.277212962963, 100.0, 
14, 77, 14.7139467683, 5, 0.22, 0.118, -73, 0.203, 0.118, 23, 0.245, 0.103, 18, 0.207, -0.112, -7, 0.205, -0.027, 12,  , , ,  , , ,  , , ,  , , ,  , , , 0.208666666667, 100.0, 0.076287037037, 100.0, 0.262805555556, 100.0, 
14, 130, 14.8325252858, 5, 0.22, 0.118, -73, 0.203, 0.118, 23, 0.245, 0.103, 18, 0.207, -0.112, -7, 0.205, -0.027, 12,  , , ,  , , ,  , , ,  , , ,  , , , 0.23112037037, 100.0, 0.0942037037037, 100.0, 0.27262962963, 100.0, 
14, 128, 14.7341677312, 5, 0.22, 0.118, -73, 0.203, 0.118, 23, 0.245, 0.103, 18, 0.207, -0.112, -7, 0.205, -0.027, 12,  , , ,  , , ,  , , ,  , , ,  , , , 0.21737962963, 100.0, 0.0789074074074, 100.0, 0.260203703704, 100.0, 
14, 179, 14.7690143524, 5, 0.22, 0.118, -73, 0.203, 0.118, 23, 0.245, 0.103, 18, 0.207, -0.112, -7, 0.205, -0.027, 12,  , , ,  , , ,  , , ,  , , ,  , , , 0.233574074074, 100.0, 0.0650092592593, 100.0, 0.270064814815, 100.0, 
14, 149, 14.8583579045, 5, 0.22, 0.118, -73, 0.203, 0.118, 23, 0.245, 0.103, 18, 0.207, -0.112, -7, 0.205, -0.027, 12,  , , ,  , , ,  , , ,  , , ,  , , , 0.239018518519, 100.0, 0.09175, 100.0, 0.277212962963, 100.0, 
14, 130, 14.8325252858, 5, 0.22, 0.118, -73, 0.203, 0.118, 23, 0.245, 0.103, 18, 0.207, -0.112, -7, 0.205, -0.027, 12,  , , ,  , , ,  , , ,  , , ,  , , , 0.23112037037, 100.0, 0.0942037037037, 100.0, 0.27262962963, 100.0, 
14, 149, 14.8583579045, 5, 0.22, 0.118, -73, 0.203, 0.118, 23, 0.245, 0.103, 18, 0.207, -0.112, -7, 0.205, -0.027, 12,  , , ,  , , ,  , , ,  , , ,  , , , 0.239018518519, 100.0, 0.09175, 100.0, 0.277212962963, 100.0, 
14, 176, 7.84822899325, 5, 0.22, 0.118, -73, 0.203, 0.118, 23, 0.245, 0.103, 18, 0.207, -0.112, -7, 0.205, -0.027, 12,  , , ,  , , ,  , , ,  , , ,  , , , -1.0, 22.3464016841, 0.0927037037037, 100.0, -1.0, 63.0142143696, 
14, 128, 14.7341677312, 5, 0.22, 0.118, -73, 0.203, 0.118, 23, 0.245, 0.103, 18, 0.207, -0.112, -7, 0.205, -0.027, 12,  , , ,  , , ,  , , ,  , , ,  , , , 0.21737962963, 100.0, 0.0789074074074, 100.0, 0.260203703704, 100.0, 
14, 180, 14.7071223233, 5, 0.22, 0.118, -73, 0.203, 0.118, 23, 0.245, 0.103, 18, 0.207, -0.112, -7, 0.205, -0.027, 12,  , , ,  , , ,  , , ,  , , ,  , , , 0.218657407407, 100.0, 0.0689351851852, 100.0, 0.256731481481, 100.0, 
14, 77, 14.7139467683, 5, 0.22, 0.118, -73, 0.203, 0.118, 23, 0.245, 0.103, 18, 0.207, -0.112, -7, 0.205, -0.027, 12,  , , ,  , , ,  , , ,  , , ,  , , , 0.208666666667, 100.0, 0.076287037037, 100.0, 0.262805555556, 100.0, 
14, 130, 14.8325252858, 5, 0.22, 0.118, -73, 0.203, 0.118, 23, 0.245, 0.103, 18, 0.207, -0.112, -7, 0.205, -0.027, 12,  , , ,  , , ,  , , ,  , , ,  , , , 0.23112037037, 100.0, 0.0942037037037, 100.0, 0.27262962963, 100.0, 
14, 128, 14.7341677312, 5, 0.22, 0.118, -73, 0.203, 0.118, 23, 0.245, 0.103, 18, 0.207, -0.112, -7, 0.205, -0.027, 12,  , , ,  , , ,  , , ,  , , ,  , , , 0.21737962963, 100.0, 0.0789074074074, 100.0, 0.260203703704, 100.0, 
14, 159, 8.34989719509, 5, 0.22, 0.118, -73, 0.203, 0.118, -84, 0.245, 0.103, 18, 0.207, -0.112, -7, 0.205, -0.027, 12,  , , ,  , , ,  , , ,  , , ,  , , , -1.0, 23.1800241456, -1.0, 63.0964698752, 0.293259259259, 100.0, 
14, 130, 14.8325252858, 5, 0.22, 0.118, -73, 0.203, 0.118, 23, 0.245, 0.103, 18, 0.207, -0.112, -7, 0.205, -0.027, 12,  , , ,  , , ,  , , ,  , , ,  , , , 0.23112037037, 100.0, 0.0942037037037, 100.0, 0.27262962963, 100.0, 
14, 77, 14.7139467683, 5, 0.22, 0.118, -73, 0.203, 0.118, 23, 0.245, 0.103, 18, 0.207, -0.112, -7, 0.205, -0.027, 12,  , , ,  , , ,  , , ,  , , ,  , , , 0.208666666667, 100.0, 0.076287037037, 100.0, 0.262805555556, 100.0, 
14, 128, 14.7341677312, 5, 0.22, 0.118, -73, 0.203, 0.118, 23, 0.245, 0.103, 18, 0.207, -0.112, -7, 0.205, -0.027, 12,  , , ,  , , ,  , , ,  , , ,  , , , 0.21737962963, 100.0, 0.0789074074074, 100.0, 0.260203703704, 100.0, 
14, 144, 15.4077159301, 4, 0.08, 0.118, -76, 0.203, 0.118, 23, 0.245, 0.103, 18, 0.046, 0.142, -68,  , , ,  , , ,  , , ,  , , ,  , , ,  , , , 0.233851851852, 100.0, 0.208444444444, 100.0, 0.27475, 100.0, 
14, 144, 15.4077159301, 4, 0.08, 0.118, -76, 0.203, 0.118, 23, 0.245, 0.103, 18, 0.046, 0.142, -68,  , , ,  , , ,  , , ,  , , ,  , , ,  , , , 0.233851851852, 100.0, 0.208444444444, 100.0, 0.27475, 100.0, 
